<?xml version="1.0"?>
<opencv_storage>
<M1 type_id="opencv-matrix">
  <rows>3</rows>
  <cols>3</cols>
  <dt>d</dt>
  <data>
    4.2300559197399696e+02 0. 2.8111598701255781e+02 0.
    4.2405545303083591e+02 2.6414342396117900e+02 0. 0. 1.</data></M1>
<D1 type_id="opencv-matrix">
  <rows>1</rows>
  <cols>5</cols>
  <dt>d</dt>
  <data>
    -3.9718453150804423e-01 1.9236128146597423e-01
    -3.0459213961602871e-04 2.5976855858218860e-03
    -4.9802824647943583e-02</data></D1>
<M2 type_id="opencv-matrix">
  <rows>3</rows>
  <cols>3</cols>
  <dt>d</dt>
  <data>
    4.2306248374928953e+02 0. 2.8679596532366145e+02 0.
    4.2433028793312388e+02 2.5430411212370393e+02 0. 0. 1.</data></M2>
<D2 type_id="opencv-matrix">
  <rows>1</rows>
  <cols>5</cols>
  <dt>d</dt>
  <data>
    -3.6929854167431542e-01 1.2737359978468862e-01
    2.0820738571412925e-04 -1.9298010380600165e-04
    1.4477418314478267e-02</data></D2>
<R1 type_id="opencv-matrix">
  <rows>3</rows>
  <cols>3</cols>
  <dt>d</dt>
  <data>
    9.9991150461192657e-01 1.0876478439202324e-02
    -7.6606240917274498e-03 -1.0915034339620015e-02
    9.9992788187073434e-01 -5.0092996388432292e-03
    7.6055880823315634e-03 5.0924723139518383e-03 9.9995811000044077e-01</data></R1>
<R2 type_id="opencv-matrix">
  <rows>3</rows>
  <cols>3</cols>
  <dt>d</dt>
  <data>
    9.9992173808732521e-01 9.4832268204492424e-03
    -8.1600312189647091e-03 -9.4418887385966863e-03
    9.9994247159222183e-01 5.0896211142426344e-03 8.2078278168177723e-03
    -5.0121766838865048e-03 9.9995375375435192e-01</data></R2>
<P1 type_id="opencv-matrix">
  <rows>3</rows>
  <cols>4</cols>
  <dt>d</dt>
  <data>
    2.7419409742962415e+02 0. 4.6594799995422363e+02 0. 0.
    2.7419409742962415e+02 3.8660810089111328e+02 0. 0. 0. 1. 0.</data></P1>
<P2 type_id="opencv-matrix">
  <rows>3</rows>
  <cols>4</cols>
  <dt>d</dt>
  <data>
    2.7419409742962415e+02 0. 4.6594799995422363e+02
    -3.0077761696801119e+01 0. 2.7419409742962415e+02
    3.8660810089111328e+02 0. 0. 0. 1. 0.</data></P2>
<Q type_id="opencv-matrix">
  <rows>4</rows>
  <cols>4</cols>
  <dt>d</dt>
  <data>
    1. 0. 0. -4.6594799995422363e+02 0. 1. 0. -3.8660810089111328e+02 0.
    0. 0. 2.7419409742962415e+02 0. 0. 9.1161736100457809e+00 0.</data></Q>
<T type_id="opencv-matrix">
  <rows>3</rows>
  <cols>1</cols>
  <dt>d</dt>
  <data>
    -1.0968656158384678e-01 -1.0402639557016860e-03
    8.9511582030127226e-04</data></T>
<R type_id="opencv-matrix">
  <rows>3</rows>
  <cols>3</cols>
  <dt>d</dt>
  <data>
    9.9999873352230817e-01 1.4762175538704713e-03 5.9475668412994160e-04
    -1.4701393677187756e-03 9.9994797735284846e-01
    -1.0093625621488651e-02 -6.0962613063745815e-04
    1.0092738462921417e-02 9.9994888118658343e-01</data></R>
<size type_id="opencv-matrix">
  <rows>2</rows>
  <cols>1</cols>
  <dt>i</dt>
  <data>
    640 480</data></size>
</opencv_storage>
