# oST version 5.0 parameters

model
Pinhole

[image]

width
640

height
480

[narrow_stereo]

camera matrix
650.982108 0.000000 345.951223
0.000000 650.790840 228.047162
0.000000 0.000000 1.000000

distortion
-0.419877 0.199011 -0.000670 -0.000256 0.000000

rectification
1.000000 0.000000 0.000000
0.000000 1.000000 0.000000
0.000000 0.000000 1.000000

projection
577.138489 0.000000 351.795385 0.000000
0.000000 609.655151 225.758370 0.000000
0.000000 0.000000 1.000000 0.000000

