%YAML:1.0
M1: !!opencv-matrix
   rows: 3
   cols: 3
   dt: d
   data: [ 4.2163746715875623e+03, 0., 3.8422504088778118e+02, 0.,
       2.3725544959643871e+03, 4.0174249978336240e+02, 0., 0., 1. ]
D1: !!opencv-matrix
   rows: 1
   cols: 5
   dt: d
   data: [ -4.3737365067166234e+00, -2.7291158322761856e+02,
       -4.0911936293572160e-01, -2.9971880436928966e-01,
       2.6127243050555876e+03 ]
M2: !!opencv-matrix
   rows: 3
   cols: 3
   dt: d
   data: [ 4.3962862172278386e+04, 0., 2.4136093199634803e+02, 0.,
       1.5331347114346745e+04, 6.1156124442882685e+02, 0., 0., 1. ]
D2: !!opencv-matrix
   rows: 1
   cols: 5
   dt: d
   data: [ -2.2923697630600072e+03, -1.6044908614437407e+04,
       -2.6897297213016898e+01, -5.8518623484930399e-01,
       -5.0465951129327109e+01 ]
R1: !!opencv-matrix
   rows: 3
   cols: 3
   dt: d
   data: [ 1.5075257961833188e-01, 8.3375555498971243e-02,
       -9.8504932692919323e-01, -4.2923693594660604e-02,
       9.9604941181039708e-01, 7.7737544084914456e-02,
       9.8763921361325580e-01, 3.0562820180740677e-02,
       1.5373580505526194e-01 ]
R2: !!opencv-matrix
   rows: 3
   cols: 3
   dt: d
   data: [ 9.8855212025864003e-03, 1.6365137693647010e-02,
       -9.9981721266380552e-01, -6.0100683665021817e-02,
       9.9806817834757133e-01, 1.5742274071988211e-02,
       9.9814336860670994e-01, 5.9934077437035625e-02,
       1.0849980102342088e-02 ]
P1: !!opencv-matrix
   rows: 3
   cols: 4
   dt: d
   data: [ -8.5921319742179585e+03, 0., -2.7350139697265625e+05, 0., 0.,
       -8.5921319742179585e+03, -5.1129539222717285e+03, 0., 0., 0., 1.,
       0. ]
P2: !!opencv-matrix
   rows: 3
   cols: 4
   dt: d
   data: [ -8.5921319742179585e+03, 0., -2.7350139697265625e+05,
       1.5388889328765642e+05, 0., -8.5921319742179585e+03,
       -5.1129539222717285e+03, 0., 0., 0., 1., 0. ]
Q: !!opencv-matrix
   rows: 4
   cols: 4
   dt: d
   data: [ 1., 0., 0., 2.7350139697265625e+05, 0., 1., 0.,
       5.1129539222717285e+03, 0., 0., 0., -8.5921319742179585e+03, 0.,
       0., 5.5833346972982235e-02, 0. ]
T: !!opencv-matrix
   rows: 3
   cols: 1
   dt: d
   data: [ -1.7705406783817418e-01, -2.9310687216308412e-01,
       1.7907169583575513e+01 ]
R: !!opencv-matrix
   rows: 3
   cols: 3
   dt: d
   data: [ 9.8987554279664558e-01, -2.8532963502959557e-02,
       1.3904056878042853e-01, 1.8819559157704134e-02,
       9.9732142886720443e-01, 7.0680914788841129e-02,
       -1.4068487468863161e-01, -6.7348626682483467e-02,
       9.8776106853723866e-01 ]
size: !!opencv-matrix
   rows: 2
   cols: 1
   dt: i
   data: [ 640, 480 ]
