%YAML:1.0
M1: !!opencv-matrix
   rows: 3
   cols: 3
   dt: d
   data: [ 6.5957416436367510e+02, 0., 3.2879590198269079e+02, 0.,
       6.6076727832676704e+02, 2.6055383850106750e+02, 0., 0., 1. ]
D1: !!opencv-matrix
   rows: 1
   cols: 5
   dt: d
   data: [ -4.4558503362314045e-01, 3.6473920892855277e-01,
       8.5463770088324857e-04, 3.0207846993190112e-04,
       -3.2153272677219880e-01 ]
M2: !!opencv-matrix
   rows: 3
   cols: 3
   dt: d
   data: [ 6.6134337336719057e+02, 0., 3.1335946282127867e+02, 0.,
       6.6260627280227163e+02, 2.4986297889270534e+02, 0., 0., 1. ]
D2: !!opencv-matrix
   rows: 1
   cols: 5
   dt: d
   data: [ -4.4737255660618674e-01, 3.4764965288212568e-01,
       -3.9243424502630696e-04, 1.0059798992944353e-03,
       -2.4063009624729337e-01 ]
R1: !!opencv-matrix
   rows: 3
   cols: 3
   dt: d
   data: [ 9.9998236670994278e-01, 5.4342526278452980e-03,
       2.3948209867215246e-03, -5.4373259601033118e-03,
       9.9998440010042333e-01, 1.2786876866742783e-03,
       -2.3878349158331117e-03, -1.2916865615243509e-03,
       9.9999631488833074e-01 ]
R2: !!opencv-matrix
   rows: 3
   cols: 3
   dt: d
   data: [ 9.9991395595999077e-01, 1.1379622123044124e-02,
       -6.5257089100418091e-03, -1.1387999699111032e-02,
       9.9993437574946131e-01, -1.2480614521274923e-03,
       6.5110781975738184e-03, 1.3222688349819706e-03,
       9.9997792848934075e-01 ]
P1: !!opencv-matrix
   rows: 3
   cols: 4
   dt: d
   data: [ 5.5287209689430222e+02, 0., 3.2534457397460938e+02, 0., 0.,
       5.5287209689430222e+02, 2.6036595916748047e+02, 0., 0., 0., 1.,
       0. ]
P2: !!opencv-matrix
   rows: 3
   cols: 4
   dt: d
   data: [ 5.5287209689430222e+02, 0., 3.2534457397460938e+02,
       -6.3344215050053464e+01, 0., 5.5287209689430222e+02,
       2.6036595916748047e+02, 0., 0., 0., 1., 0. ]
Q: !!opencv-matrix
   rows: 4
   cols: 4
   dt: d
   data: [ 1., 0., 0., -3.2534457397460938e+02, 0., 1., 0.,
       -2.6036595916748047e+02, 0., 0., 0., 5.5287209689430222e+02, 0.,
       0., 8.7280597992639510e+00, 0. ]
T: !!opencv-matrix
   rows: 3
   cols: 1
   dt: d
   data: [ -1.1456314220536329e-01, -1.3037974515242652e-03,
       7.4767005040330846e-04 ]
R: !!opencv-matrix
   rows: 3
   cols: 3
   dt: d
   data: [ 9.9994269707371042e-01, -5.9624472768837061e-03,
       8.8911074351964471e-03, 5.9392949635221175e-03,
       9.9997890865815742e-01, 2.6281198939126621e-03,
       -8.9065899361149593e-03, -2.5751623853420926e-03,
       9.9995701967354522e-01 ]
size: !!opencv-matrix
   rows: 2
   cols: 1
   dt: i
   data: [ 640, 480 ]
