1.000000000 0.000000000 0.000000000 0.000000000 0.000000000 1.000000000 0.000000000 0.000000477 0.000000000 0.000000000 1.000000000 0.000000000
0.999995828 -0.002497433 -0.001475498 -0.004751466 0.002501776 0.999992549 0.002949293 -0.016764536 0.001468120 -0.002952971 0.999994576 1.523434401
0.999991417 -0.002899569 -0.002961652 -0.009344540 0.002910856 0.999988496 0.003813620 -0.034094211 0.002950561 -0.003822208 0.999988437 3.041624546
0.999988496 -0.001865614 -0.004406095 -0.023220625 0.001881006 0.999992073 0.003491755 -0.048790924 0.004399545 -0.003500001 0.999984264 4.551565647
0.999981821 -0.000984326 -0.005947587 -0.037067764 0.001005279 0.999993265 0.003520897 -0.066626437 0.005944080 -0.003526811 0.999976158 6.055988312
0.999971211 -0.001437566 -0.007453173 -0.051356114 0.001463532 0.999992847 0.003479593 -0.076314263 0.007448117 -0.003490400 0.999966145 7.558392525
0.999956250 -0.001894698 -0.009160667 -0.070344143 0.001931900 0.999989927 0.004053923 -0.094962679 0.009152895 -0.004071445 0.999949813 9.062704086
0.999935985 -0.003533960 -0.010755028 -0.093480796 0.003570089 0.999988079 0.003341927 -0.109248407 0.010743090 -0.003380110 0.999936521 10.560413361
0.999914467 -0.004690250 -0.012206708 -0.109415665 0.004732373 0.999982893 0.003424183 -0.122645766 0.012190442 -0.003481656 0.999919653 12.039445877
0.999898970 -0.004420651 -0.013504400 -0.133193716 0.004466736 0.999984324 0.003384424 -0.139239669 0.013489229 -0.003444402 0.999903083 13.527169228
0.999885201 -0.004426407 -0.014490847 -0.161408007 0.004475498 0.999984384 0.003357066 -0.157137424 0.014475764 -0.003421532 0.999889374 15.013906479
0.999875486 -0.002938797 -0.015508628 -0.184225991 0.003003436 0.999986947 0.004146285 -0.173440784 0.015496234 -0.004192348 0.999871135 16.475740433
0.999870598 -0.001672224 -0.016004831 -0.220743120 0.001747520 0.999987483 0.004691692 -0.184969634 0.015996784 -0.004719053 0.999860883 17.947933197
0.999856412 -0.000725613 -0.016925894 -0.243622020 0.000823884 0.999982774 0.005799707 -0.202817231 0.016921399 -0.005812820 0.999839962 19.412817001
0.999853313 -0.000643566 -0.017115844 -0.278200090 0.000739444 0.999983966 0.005595962 -0.210467041 0.017111972 -0.005607796 0.999837935 20.881523132
0.999841034 0.000539584 -0.017822407 -0.310046285 -0.000438527 0.999983788 0.005673574 -0.219530821 0.017825179 -0.005664857 0.999825180 22.343910217
0.999838471 0.000365993 -0.017967764 -0.335252732 -0.000252875 0.999980152 0.006297512 -0.235871375 0.017969716 -0.006291952 0.999818802 23.811069489
0.999840796 0.001488136 -0.017778637 -0.369731665 -0.001355832 0.999971449 0.007451468 -0.245149985 0.017789220 -0.007426178 0.999814212 25.253681183
0.999839962 0.001602976 -0.017816748 -0.398689628 -0.001493578 0.999979973 0.006151824 -0.255733430 0.017826254 -0.006124227 0.999822557 26.700527191
0.999837875 0.002217069 -0.017860539 -0.434560746 -0.002144803 0.999989510 0.004064290 -0.263114870 0.017869357 -0.004025324 0.999832392 28.134014130
0.999850571 0.000459106 -0.017283820 -0.469796419 -0.000393551 0.999992728 0.003796020 -0.276931703 0.017285435 -0.003788650 0.999843478 29.562349319
0.999852717 -0.000491216 -0.017157225 -0.499075681 0.000603268 0.999978602 0.006526274 -0.292687953 0.017153651 -0.006535662 0.999831557 30.975200653
0.999857783 -0.002056680 -0.016735241 -0.532074273 0.002188529 0.999966860 0.007864038 -0.305350959 0.016718511 -0.007899548 0.999828994 32.399276733
0.999857485 -0.002764430 -0.016654408 -0.561790943 0.002881790 0.999971211 0.007026892 -0.312616467 0.016634502 -0.007073885 0.999836624 33.800643921
0.999866843 -0.002953301 -0.016043598 -0.591448069 0.003039366 0.999981105 0.005342764 -0.329797685 0.016027518 -0.005390814 0.999856949 35.192276001
0.999876201 -0.001589040 -0.015649952 -0.622182131 0.001660472 0.999988317 0.004552478 -0.342868865 0.015642537 -0.004577901 0.999867141 36.552051544
0.999889314 -0.001316229 -0.014821791 -0.648903251 0.001371871 0.999992073 0.003744620 -0.361501038 0.014816744 -0.003764539 0.999883115 37.913219452
0.999907374 -0.000827944 -0.013582165 -0.674820304 0.000892664 0.999988317 0.004759786 -0.376262307 0.013578064 -0.004771468 0.999896467 39.249832153
0.999927998 -0.000618729 -0.011983634 -0.702028692 0.000701851 0.999975681 0.006933313 -0.395135373 0.011979056 -0.006941224 0.999904156 40.576015472
0.999947608 -0.000568191 -0.010220677 -0.723783493 0.000649018 0.999968469 0.007906646 -0.407316267 0.010215864 -0.007912864 0.999916494 41.866573334
0.999966681 -0.000722386 -0.008127070 -0.734158635 0.000792907 0.999962032 0.008677376 -0.423827261 0.008120493 -0.008683532 0.999929309 43.163806915
0.999988437 -0.000878701 -0.004721417 -0.750935674 0.000916369 0.999967694 0.007981974 -0.432859898 0.004714250 -0.007986207 0.999957025 44.433353424
0.999998152 -0.001472380 -0.001212401 -0.760872543 0.001479836 0.999979794 0.006171939 -0.448331565 0.001203288 -0.006173721 0.999980271 45.673671722
0.999994278 -0.001950720 0.002759841 -0.770933747 0.001937718 0.999987006 0.004705976 -0.464748114 -0.002768987 -0.004700602 0.999985099 46.900272369
0.999977231 -0.001692498 0.006535503 -0.763584852 0.001656673 0.999983490 0.005483129 -0.479269087 -0.006544677 -0.005472176 0.999963641 48.113571167
0.999925315 -0.001794847 0.012091697 -0.753412008 0.001729470 0.999983788 0.005414998 -0.492798686 -0.012101223 -0.005393681 0.999912262 49.358234406
0.999822378 0.000102234 0.018847033 -0.754711092 -0.000185118 0.999990344 0.004396058 -0.508596718 -0.018846408 -0.004398765 0.999812722 50.527141571
0.999657214 0.001586437 0.026132422 -0.731218934 -0.001697489 0.999989629 0.004227981 -0.517913043 -0.026125446 -0.004270891 0.999649584 51.723442078
0.999402583 0.002465748 0.034471266 -0.691041231 -0.002648282 0.999982655 0.005250606 -0.530908167 -0.034457717 -0.005338758 0.999391973 52.923797607
0.998978019 0.004892188 0.044934027 -0.650156260 -0.005166998 0.999968588 0.006001767 -0.543498158 -0.044903249 -0.006227807 0.998972058 54.092201233
0.998314619 0.006817299 0.057633560 -0.595767021 -0.007173590 0.999956369 0.005977368 -0.558130741 -0.057590306 -0.006380733 0.998319924 55.212104797
0.997327268 0.008950763 0.072513200 -0.527476311 -0.009422752 0.999936581 0.006169527 -0.566271067 -0.072453380 -0.006836312 0.997348368 56.345458984
0.995994031 0.011192996 0.088715836 -0.439271450 -0.011926482 0.999898911 0.007742037 -0.581433773 -0.088620238 -0.008769091 0.996026874 57.464191437
0.994270742 0.011495796 0.106271513 -0.327516556 -0.012467382 0.999886334 0.008482642 -0.590193748 -0.106161930 -0.009758970 0.994300961 58.568675995
0.992044330 0.011053004 0.125402957 -0.198100090 -0.012128305 0.999895871 0.007814496 -0.603776574 -0.125303552 -0.009273254 0.992075086 59.664081573
0.989261687 0.010400391 0.145784587 -0.042811394 -0.011486523 0.999912143 0.006610422 -0.604893804 -0.145703048 -0.008213996 0.989294291 60.764308929
0.986000896 0.007319113 0.166579396 0.128954887 -0.008548555 0.999941289 0.006664690 -0.622119188 -0.166520819 -0.007995404 0.986005485 61.797439575
0.982155681 0.002097359 0.188058168 0.331341743 -0.003863062 0.999951839 0.009023117 -0.630737484 -0.188030198 -0.009588586 0.982116461 62.833641052
0.977377415 -0.003038625 0.211481050 0.548156738 0.000857039 0.999945521 0.010406651 -0.640849471 -0.211501107 -0.009989976 0.977326691 63.870819092
0.971936047 -0.008220639 0.235101700 0.799750328 0.006071993 0.999932945 0.009861683 -0.649204552 -0.235166982 -0.008157388 0.971920669 64.883178711
0.965445697 -0.014309801 0.260211080 1.072437286 0.012638859 0.999887347 0.008093644 -0.657274485 -0.260297686 -0.004525203 0.965517759 65.864341736
0.957938850 -0.017881475 0.286414742 1.373994827 0.015986644 0.999832094 0.008952913 -0.661900699 -0.286526769 -0.003997531 0.958063900 66.848541260
0.949343324 -0.020421064 0.313576251 1.685863495 0.017764596 0.999777973 0.011326821 -0.672001064 -0.313738018 -0.005182486 0.949495494 67.802528381
0.939672410 -0.024825711 0.341173559 2.030250549 0.021289296 0.999673784 0.014106159 -0.673180878 -0.341412485 -0.005991825 0.939894497 68.742675781
0.928711116 -0.027873212 0.369754761 2.398616791 0.024444839 0.999603748 0.013955113 -0.680356860 -0.369997263 -0.003921675 0.929024577 69.660850525
0.916604996 -0.026517397 0.398913592 2.784872055 0.024490874 0.999648213 0.010176669 -0.682672024 -0.399043143 0.000441755 0.916932046 70.556976318
0.903513193 -0.028500218 0.427611560 3.200519562 0.029114768 0.999563038 0.005103206 -0.693705082 -0.427570194 0.007838996 0.903948188 71.416412354
0.889288008 -0.030165944 0.456351697 3.648572922 0.032534208 0.999466956 0.002668089 -0.694957256 -0.456188977 0.012474344 0.889795542 72.276596069
0.873701096 -0.031047607 0.485471100 4.114768982 0.032060605 0.999466538 0.006220049 -0.709245443 -0.485405266 0.010130032 0.874230504 73.105033875
0.856038392 -0.029805740 0.516052246 4.608940125 0.027663453 0.999547064 0.011842339 -0.714100838 -0.516171396 0.004138286 0.856475353 73.927749634
0.836294651 -0.030118987 0.547452271 5.125434875 0.025735565 0.999545872 0.015677691 -0.721873164 -0.547675788 0.000977824 0.836690068 74.732414246
0.815206409 -0.024209846 0.578664362 5.662160873 0.021866648 0.999700189 0.011019776 -0.726056635 -0.578757644 0.003670056 0.815491378 75.496505737
0.793173790 -0.017084375 0.608755589 6.227237701 0.018596338 0.999819756 0.003829387 -0.729320288 -0.608711302 0.008283257 0.793348670 76.240119934
0.770710170 -0.014800802 0.637013912 6.819026947 0.017921843 0.999838173 0.001547626 -0.726983786 -0.636933744 0.010223690 0.770850778 76.972198486
0.747233868 -0.017157633 0.664339602 7.441711426 0.018901214 0.999810874 0.004562064 -0.732573211 -0.664292276 0.009147896 0.747416973 77.671020508
0.723087311 -0.017772947 0.690527856 8.083343506 0.019264294 0.999798894 0.005560392 -0.748316169 -0.690487981 0.009281883 0.723284364 78.331420898
0.697416484 -0.015629755 0.716495574 8.733264923 0.019780150 0.999801040 0.002556394 -0.754248023 -0.716393054 0.012389520 0.697586894 78.977691650
0.671509922 -0.013579578 0.740871012 9.411014557 0.019769788 0.999804437 0.000406702 -0.763424397 -0.740731716 0.014373759 0.671647072 79.577980042
0.644101202 -0.010744775 0.764864743 10.102714539 0.017645884 0.999843895 -0.000814044 -0.768111169 -0.764736712 0.014021042 0.644190371 80.172271729
0.616062343 -0.009059143 0.787645221 10.816448212 0.017350871 0.999847293 -0.002071309 -0.778968275 -0.787506342 0.014942387 0.616125584 80.733047485
0.587088823 -0.003075953 0.809516490 11.549919128 0.016184904 0.999837458 -0.007938717 -0.799176097 -0.809360743 0.017762683 0.587043226 81.277290344
0.557232678 0.006363330 0.830331981 12.308437347 0.014849133 0.999734342 -0.017626757 -0.811767459 -0.830223680 0.022151912 0.556990206 81.784454346
0.526469886 0.014571387 0.850068867 13.087200165 0.013850803 0.999573350 -0.025712270 -0.835347712 -0.850081027 0.025310872 0.526043534 82.265167236
0.494438618 0.019832382 0.868986249 13.888759613 0.010839544 0.999521196 -0.028979022 -0.859540939 -0.869144917 0.023747768 0.493986934 82.735946655
0.462060630 0.019073544 0.886643171 14.718036652 0.009143396 0.999613047 -0.026268698 -0.891459942 -0.886801124 0.020244669 0.461707503 83.169731140
0.428648949 0.018108251 0.903289616 15.570747375 0.004435377 0.999744892 -0.022146663 -0.919063210 -0.903460264 0.013499575 0.428459257 83.584938049
0.394332677 0.019204775 0.918766975 16.423946381 0.000186162 0.999779880 -0.020978067 -0.948690891 -0.918967783 0.008443377 0.394242287 83.958305359
0.359240949 0.022045691 0.932984352 17.290475845 -0.007195835 0.999756634 -0.020852745 -0.978859365 -0.933217168 0.000777556 0.359312147 84.304740906
0.322973192 0.024091562 0.946101367 18.215425491 -0.012234660 0.999698818 -0.021279784 -1.010505795 -0.946328998 -0.004702429 0.323170632 84.652473450
0.286440492 0.023491394 0.957809985 19.122840881 -0.014957113 0.999687254 -0.020045437 -1.035331368 -0.957981229 -0.008584245 0.286702305 84.940902710
0.249938279 0.022971416 0.967989206 20.060958862 -0.015792169 0.999682248 -0.019645933 -1.062980413 -0.968132973 -0.010376375 0.250221670 85.188217163
0.214511529 0.022469178 0.976462960 21.021945953 -0.014922681 0.999694169 -0.019725494 -1.091431499 -0.976607502 -0.010340098 0.214781225 85.397796631
0.178951159 0.021217378 0.983629107 21.982437134 -0.012793284 0.999733090 -0.019237272 -1.114108324 -0.983774841 -0.009141314 0.179174840 85.574882507
0.144659385 0.020393081 0.989271343 22.956172943 -0.004567017 0.999790728 -0.019942103 -1.142820835 -0.989471018 -0.001633205 0.144722283 85.704856873
0.110808894 0.023766818 0.993557513 23.942295074 -0.002501593 0.999717534 -0.023635173 -1.175243855 -0.993838549 0.000133510 0.110837027 85.816421509
0.078237459 0.028423134 0.996529460 24.914421082 -0.001319560 0.999595582 -0.028406985 -1.206381798 -0.996933818 0.000907509 0.078243300 85.890830994
0.049145050 0.032778073 0.998253644 25.905639648 0.005122800 0.999439836 -0.033069227 -1.235219002 -0.998778462 0.006739044 0.048949622 85.927436829
0.023806570 0.031024620 0.999235034 26.889389038 0.007107257 0.999487817 -0.031201795 -1.269052267 -0.999691367 0.007844629 0.023573885 85.943542480
0.001020543 0.028020350 0.999606729 27.869659424 0.008239716 0.999573112 -0.028027818 -1.305689692 -0.999965489 0.008265080 0.000789236 85.949340820
-0.017778413 0.025621794 0.999513566 28.932235718 0.008722298 0.999637723 -0.025469825 -1.341703057 -0.999803841 0.008265244 -0.017995451 85.939163208
-0.034031346 0.028724717 0.999007821 29.925773621 0.010800515 0.999539256 -0.028372068 -1.377954960 -0.999362350 0.009824261 -0.034325898 85.898681641
-0.049119517 0.033167526 0.998242021 30.922708511 0.012823806 0.999387026 -0.032574564 -1.410521269 -0.998710632 0.011201214 -0.049514741 85.851089478
-0.060841706 0.038311549 0.997411907 31.927845001 0.017357036 0.999152601 -0.037319645 -1.450955629 -0.997996569 0.015041523 -0.061455127 85.778953552
-0.069737151 0.041732922 0.996692121 32.923542023 0.022659561 0.998933017 -0.040241297 -1.496465564 -0.997308016 0.019778291 -0.070608392 85.703895569
-0.075629793 0.047011506 0.996027052 33.917457581 0.026368016 0.998633087 -0.045132320 -1.546252251 -0.996787250 0.022849916 -0.076766007 85.621467590
-0.079114996 0.051865235 0.995515287 34.920406342 0.028259601 0.998360872 -0.049767658 -1.598137498 -0.996464849 0.024195498 -0.080451027 85.538558960
-0.082065500 0.055868503 0.995059788 35.929618835 0.030113261 0.998110652 -0.053556275 -1.655843258 -0.996171892 0.025569368 -0.083592832 85.451484680
-0.084511563 0.058570839 0.994699597 36.927829742 0.030809710 0.997947156 -0.056144416 -1.719624400 -0.995946109 0.025901550 -0.086142600 85.365066528
-0.086967468 0.062176377 0.994268954 37.946193695 0.031994272 0.997709870 -0.059593067 -1.780828953 -0.995697260 0.026628260 -0.088757589 85.271057129
-0.089206330 0.066295072 0.993804395 38.960674286 0.033047512 0.997429967 -0.063570514 -1.844841957 -0.995464742 0.027171876 -0.091167964 85.174896240
-0.090837397 0.067333840 0.993586779 39.958328247 0.036125898 0.997277677 -0.064281195 -1.918179512 -0.995210230 0.030055080 -0.093022607 85.076087952
-0.093048647 0.065909661 0.993477643 40.974884033 0.036244895 0.997369468 -0.062773168 -1.990494013 -0.995001614 0.030167539 -0.095192768 84.981597900
-0.095305935 0.065777376 0.993272364 41.995002747 0.035455551 0.997405648 -0.062649071 -2.059531689 -0.994816601 0.029246196 -0.097390823 84.886825562
-0.097824126 0.067134418 0.992936671 43.017761230 0.035316098 0.997327924 -0.063951977 -2.128216267 -0.994576991 0.028810609 -0.099933654 84.792839050
-0.100045033 0.069265701 0.992569029 44.036788940 0.034897089 0.997204423 -0.066071779 -2.204132318 -0.994370818 0.028027620 -0.102182515 84.685752869
-0.102664284 0.071500421 0.992142975 45.067352295 0.033354592 0.997099876 -0.068406209 -2.282635212 -0.994156778 0.026069662 -0.104751401 84.579536438
-0.104930215 0.074969016 0.991649806 46.094234467 0.030749585 0.996922255 -0.072113894 -2.360200405 -0.994004071 0.022925898 -0.106912531 84.473175049
-0.107444145 0.079171926 0.991053820 47.132881165 0.027045934 0.996688068 -0.076689884 -2.438765764 -0.993843198 0.018564096 -0.109229580 84.371910095
-0.109983683 0.081643842 0.990574539 48.177051544 0.024663990 0.996537983 -0.079396889 -2.520997763 -0.993627310 0.015699159 -0.111616582 84.253349304
-0.113120176 0.080034763 0.990352631 49.229209900 0.023036368 0.996693730 -0.077915929 -2.609418869 -0.993314207 0.014000261 -0.114589892 84.135200500
-0.115590565 0.075961441 0.990388155 50.276031494 0.020181285 0.997045279 -0.074116625 -2.693785667 -0.993091881 0.011420126 -0.116782047 84.017059326
-0.118077688 0.074149609 0.990232110 51.330551147 0.020594770 0.997176528 -0.072213836 -2.779982567 -0.992790818 0.011866761 -0.119271398 83.892166138
-0.119882040 0.074651048 0.989977479 52.363601685 0.019549977 0.997153163 -0.072824709 -2.863499641 -0.992595553 0.010623664 -0.121000156 83.773193359
-0.121314749 0.077945113 0.989548981 53.415645599 0.020260230 0.996898949 -0.076040223 -2.938008785 -0.992407203 0.010823689 -0.122517705 83.648223877
-0.121575102 0.080335476 0.989325881 54.466407776 0.021439241 0.996699333 -0.078299619 -3.031332016 -0.992350578 0.011691111 -0.122896150 83.511093140
-0.122020520 0.081165403 0.989203274 55.531673431 0.019765770 0.996651769 -0.079338409 -3.115606785 -0.992330670 0.009871454 -0.123216279 83.381034851
-0.122315980 0.079721816 0.989284217 56.598709106 0.016989177 0.996790886 -0.078226194 -3.207002640 -0.992345750 0.007238813 -0.123277865 83.257247925
-0.122538209 0.079259597 0.989293873 57.648807526 0.012591388 0.996849895 -0.078305356 -3.290590763 -0.992383957 0.002861188 -0.123150200 83.143585205
-0.122153968 0.080408335 0.989248633 58.726932526 0.009127843 0.996761858 -0.079891883 -3.385317802 -0.992469132 -0.000729404 -0.122492358 83.009346008
-0.122492813 0.080899298 0.989166677 59.806991577 0.004995917 0.996709943 -0.080897532 -3.472655058 -0.992456734 -0.004967573 -0.122493982 82.885978699
-0.122852340 0.079687163 0.989220500 60.887268066 0.001447351 0.996784389 -0.080116719 -3.573005915 -0.992423952 -0.008410778 -0.122572646 82.759124756
-0.122854851 0.074760281 0.989604831 61.984962463 0.002065347 0.997175694 -0.075075842 -3.663052559 -0.992422521 -0.007179554 -0.122662298 82.625831604
-0.123250499 0.066431142 0.990149736 63.078945160 0.004983447 0.997785747 -0.066323154 -3.744219780 -0.992363095 -0.003240003 -0.123308666 82.495834351
-0.122827895 0.060941003 0.990555286 64.174362183 0.010948857 0.998135269 -0.060049698 -3.827825069 -0.992367566 0.003469670 -0.123266116 82.355186462
-0.121927455 0.063124023 0.990529597 65.283226013 0.019746929 0.997932196 -0.061165068 -3.903972626 -0.992342591 0.012102216 -0.122921854 82.200820923
-0.120617442 0.068935134 0.990302563 66.368797302 0.025289334 0.997475564 -0.066354237 -3.974318266 -0.992376924 0.017040618 -0.122056261 82.063659668
-0.119734198 0.074243173 0.990025997 67.477233887 0.029249331 0.997030795 -0.071231045 -4.058879852 -0.992375135 0.020428808 -0.121550225 81.922294617
-0.119740158 0.078715049 0.989679992 68.561988831 0.029276434 0.996698380 -0.075731158 -4.142325878 -0.992373466 0.019906238 -0.121649355 81.804931641
-0.119417459 0.076270536 0.989910305 69.680694580 0.025917623 0.996944606 -0.073685974 -4.222750664 -0.992505848 0.016856730 -0.121029362 81.676826477
-0.119123109 0.071564160 0.990297079 70.780181885 0.025754059 0.997286201 -0.068971269 -4.314535141 -0.992545426 0.017288094 -0.120642908 81.554222107
-0.118771821 0.069448158 0.990489900 71.934967041 0.023815129 0.997463405 -0.067081362 -4.399934292 -0.992635906 0.015621265 -0.120124452 81.404121399
-0.118814699 0.070406497 0.990417123 73.062339783 0.021734631 0.997428238 -0.068297535 -4.477950573 -0.992678463 0.013411597 -0.120039403 81.276809692
-0.118974894 0.074908704 0.990067482 74.184806824 0.023946872 0.997076452 -0.072561353 -4.577516556 -0.992608428 0.015076038 -0.120420881 81.155189514
-0.117612936 0.077979475 0.989993215 75.327346802 0.022827933 0.996861041 -0.075808458 -4.653201103 -0.992797077 0.013683440 -0.119023897 81.002944946
-0.116745181 0.076714829 0.990194678 76.476425171 0.022745356 0.996957302 -0.074557073 -4.741140366 -0.992901444 0.013818147 -0.118134893 80.863883972
-0.116807453 0.069894277 0.990692079 77.621307373 0.024435950 0.997420967 -0.067487851 -4.836845875 -0.992853940 0.016325422 -0.118214093 80.735603333
-0.117234126 0.068505399 0.990738690 78.784568787 0.023448545 0.997530878 -0.066200376 -4.918844223 -0.992827475 0.015470443 -0.118550994 80.598503113
-0.117086440 0.071395032 0.990552187 79.934494019 0.020737713 0.997370839 -0.069435224 -5.002996445 -0.992905200 0.012411861 -0.118259192 80.473899841
-0.116963029 0.074456535 0.990341306 81.085693359 0.019916954 0.997161031 -0.072616979 -5.087124348 -0.992936552 0.011231081 -0.118113928 80.347869873
-0.116453275 0.074096709 0.990428448 82.266395569 0.019223446 0.997194588 -0.072342627 -5.173068047 -0.993010223 0.010614907 -0.117550969 80.207260132
-0.116300315 0.070799559 0.990687370 83.439567566 0.018552853 0.997437000 -0.069103919 -5.256924629 -0.993040800 0.010343269 -0.117315769 80.062644958
-0.115648381 0.069893323 0.990828037 84.617736816 0.019105712 0.997493327 -0.068133481 -5.341900349 -0.993106425 0.011050950 -0.116693854 79.926513672
-0.114215836 0.070491232 0.990951896 85.801239014 0.020611137 0.997433007 -0.068576626 -5.429757118 -0.993242145 0.012592110 -0.115375534 79.794906616
-0.113139920 0.070510566 0.991074026 86.998466492 0.022594823 0.997403383 -0.068381481 -5.514060974 -0.993322134 0.014656470 -0.114439324 79.644592285
-0.111747824 0.069824301 0.991280496 88.188453674 0.022229539 0.997454464 -0.067753218 -5.601990700 -0.993487954 0.014464437 -0.113015510 79.510734558
-0.110699430 0.070692837 0.991336584 89.394721985 0.023316903 0.997377276 -0.068519868 -5.686988831 -0.993580461 0.015529795 -0.112057433 79.376411438
-0.109038509 0.069004141 0.991639614 90.574882507 0.023804136 0.997482836 -0.066793293 -5.769315243 -0.993752480 0.016322082 -0.110406652 79.234466553
-0.107959077 0.068524189 0.991790891 91.784133911 0.021970250 0.997542500 -0.066530041 -5.852406979 -0.993912458 0.014607372 -0.109199278 79.110710144
-0.107308149 0.067528725 0.991929829 92.995414734 0.023236252 0.997588575 -0.065400220 -5.942589760 -0.993954241 0.016030757 -0.108618490 78.996673584
-0.104861692 0.068373598 0.992133617 94.216697693 0.021760108 0.997552574 -0.066447139 -6.032174110 -0.994248748 0.014621175 -0.106092885 78.850738525
-0.104172543 0.070902087 0.992028713 95.429481506 0.021785822 0.997378826 -0.068996757 -6.119533539 -0.994320631 0.014424592 -0.105444163 78.737388611
-0.102551587 0.069858901 0.992271543 96.663261414 0.020056617 0.997473300 -0.068152271 -6.208495617 -0.994525492 0.012912489 -0.103693612 78.606361389
-0.102202363 0.068703741 0.992388189 97.886672974 0.016576525 0.997591257 -0.067356795 -6.297348499 -0.994625628 0.009566325 -0.103095055 78.490776062
-0.102238894 0.069468223 0.992331266 99.127548218 0.013542498 0.997563243 -0.068439223 -6.387637138 -0.994667709 0.006441496 -0.102930553 78.370826721
-0.102804050 0.068959720 0.992308438 100.367179871 0.010561181 0.997613370 -0.068234242 -6.474425316 -0.994645536 0.003465197 -0.103287011 78.253189087
-0.103376403 0.066309236 0.992429554 101.613777161 0.007883947 0.997798562 -0.065846726 -6.567862988 -0.994611084 0.001017265 -0.103671618 78.122131348
-0.104646236 0.064644240 0.992406368 102.861885071 0.005871560 0.997907937 -0.064383455 -6.661540031 -0.994492173 -0.000910513 -0.104806885 77.999389648
-0.105697677 0.063831225 0.992347538 104.107063293 0.003726600 0.997956038 -0.063795060 -6.750481606 -0.994391382 -0.003044906 -0.105719507 77.865768433
-0.107464232 0.064066298 0.992142677 105.357131958 0.003725001 0.997940600 -0.064037234 -6.836837769 -0.994202018 -0.003185977 -0.107481569 77.739585876
-0.110063821 0.062460870 0.991959989 106.614425659 0.002862282 0.998039246 -0.062526077 -6.925154209 -0.993920445 -0.004042590 -0.110026799 77.608856201
-0.113788448 0.057440784 0.991843104 107.877746582 0.000016685 0.998327434 -0.057814389 -7.012153625 -0.993505061 -0.006562061 -0.113599084 77.481803894
-0.118041560 0.057639100 0.991334379 109.111618042 -0.000447280 0.998310804 -0.058097985 -7.092977047 -0.993008554 -0.007301380 -0.117816396 77.346405029
-0.123425961 0.063557483 0.990316331 110.337608337 -0.005362997 0.997889638 -0.064711928 -7.176901817 -0.992339253 -0.013298195 -0.122824624 77.201980591
-0.130589977 0.066379987 0.989211798 111.568527222 -0.004469468 0.997706652 -0.067540057 -7.267713547 -0.991426408 -0.013241307 -0.129993811 77.048477173
-0.139182299 0.062402785 0.988298595 112.809577942 -0.002638414 0.997985542 -0.063385993 -7.357623577 -0.990263283 -0.011429754 -0.138737291 76.871780396
-0.150285661 0.060239390 0.986805618 114.028381348 -0.000434355 0.998137772 -0.060997318 -7.449360371 -0.988642573 -0.009595645 -0.149979636 76.695610046
-0.163284704 0.061273172 0.984674394 115.253242493 -0.000513016 0.998064041 -0.062191445 -7.534414768 -0.986578941 -0.010660064 -0.162937194 76.498168945
-0.177413777 0.061389159 0.982219756 116.478195190 0.001989144 0.998072922 -0.062020700 -7.624585629 -0.984134316 -0.009049552 -0.177194014 76.282516479
-0.191861495 0.059485354 0.979617596 117.689147949 0.002783804 0.998190463 -0.060067929 -7.709844589 -0.981418073 -0.008797660 -0.191679925 76.049690247
-0.207400456 0.061456606 0.976323783 118.880142212 0.006193359 0.998087287 -0.061510887 -7.803637505 -0.978236496 -0.006710663 -0.207384363 75.805900574
-0.222557157 0.065025538 0.972748816 120.061073303 0.006556885 0.997850358 -0.065203361 -7.887802124 -0.974897504 -0.008133271 -0.222505137 75.544517517
-0.237584963 0.068785079 0.968928277 121.226730347 0.006239305 0.997577071 -0.069288984 -7.977197170 -0.971346736 -0.010416579 -0.237438530 75.261215210
-0.253504187 0.066848271 0.965021789 122.399330139 0.002490437 0.997650981 -0.068454310 -8.065912247 -0.967331111 -0.014950130 -0.253075242 74.966125488
-0.269568264 0.060841247 0.961057425 123.580024719 -0.003070760 0.997942746 -0.064037658 -8.163960457 -0.962976396 -0.020213697 -0.268826842 74.648834229
-0.285072356 0.056571249 0.956835151 124.746284485 -0.006761528 0.998113394 -0.061026230 -8.251868248 -0.958482146 -0.023866562 -0.284151971 74.314559937
-0.300461233 0.058165204 0.952018797 125.907440186 -0.009014732 0.997921050 -0.063814759 -8.335716248 -0.953751445 -0.027756058 -0.299312264 73.971824646
-0.314901054 0.060408644 0.947200179 127.048858643 -0.008971228 0.997738481 -0.066614307 -8.417793274 -0.949082136 -0.029474458 -0.313646942 73.602561951
-0.328624189 0.062442910 0.942394257 128.193420410 -0.007669812 0.997602642 -0.068775557 -8.512619019 -0.944429517 -0.029829303 -0.327357471 73.213356018
-0.342992961 0.062226269 0.937274694 129.321716309 -0.005478933 0.997653842 -0.068239890 -8.606004715 -0.939321995 -0.028541069 -0.341847360 72.813911438
-0.356975317 0.060029529 0.932182968 130.458236694 -0.006098094 0.997761905 -0.066587836 -8.702078819 -0.934093893 -0.029454757 -0.355810374 72.393913269
-0.371499449 0.058988359 0.926557422 131.578018188 -0.006348641 0.997794807 -0.066069089 -8.789270401 -0.928411484 -0.030427005 -0.370305777 71.949569702
-0.386533827 0.059745297 0.920338094 132.673141479 -0.007894274 0.997648656 -0.068079576 -8.887601852 -0.922241688 -0.033580452 -0.385153234 71.514678955
-0.401059896 0.062087975 0.913945377 133.760879517 -0.007151024 0.997457862 -0.070899352 -8.971971512 -0.916024089 -0.034970533 -0.399596274 71.043853760
-0.416060925 0.063928492 0.907086730 134.865447998 -0.005514833 0.997330010 -0.072818086 -9.068610191 -0.909319997 -0.035299186 -0.414597452 70.550247192
-0.430474550 0.066600211 0.900142252 135.943206787 -0.002446846 0.997184277 -0.074950382 -9.165925980 -0.902599394 -0.034466732 -0.429099500 70.039710999
-0.445463926 0.069709688 0.892581940 137.032531738 -0.003103992 0.996837914 -0.079401091 -9.263966560 -0.895294547 -0.038140889 -0.443838924 69.513000488
-0.460616320 0.071994439 0.884674788 138.095367432 -0.001963240 0.996619940 -0.082126684 -9.362764359 -0.887597144 -0.039565712 -0.458918065 68.971313477
-0.476008803 0.069293372 0.876706362 139.179382324 -0.003439772 0.996736705 -0.080648005 -9.464920044 -0.879433811 -0.041404821 -0.474217117 68.404495239
-0.492235243 0.064691558 0.868054986 140.250503540 -0.006511670 0.996933043 -0.077988632 -9.568379402 -0.870437860 -0.044041242 -0.490304321 67.817565918
-0.508317232 0.064745665 0.858732522 141.320587158 -0.007075739 0.996822119 -0.079345569 -9.672546387 -0.861140847 -0.046408888 -0.506243706 67.205696106
-0.524106145 0.064064123 0.849239945 142.368530273 -0.008089499 0.996747315 -0.080184028 -9.771230698 -0.851614594 -0.048894871 -0.521883070 66.574172974
-0.540019989 0.062794544 0.839306474 143.419250488 -0.009010839 0.996724367 -0.080369815 -9.872221947 -0.841603935 -0.050964151 -0.537685215 65.912796021
-0.555689156 0.062138155 0.829064786 144.450408936 -0.010449175 0.996602356 -0.081698716 -9.978536606 -0.831324458 -0.054062132 -0.553151786 65.239006042
-0.570891321 0.061578769 0.818713129 145.483078003 -0.010507103 0.996553779 -0.082281530 -10.086730957 -0.820958495 -0.055576123 -0.568276882 64.533462524
-0.586008191 0.059221588 0.808138013 146.495986938 -0.010689766 0.996673882 -0.080789283 -10.188929558 -0.810234725 -0.055981997 -0.583426118 63.811805725
-0.601080060 0.055473119 0.797261119 147.517669678 -0.010922643 0.996924579 -0.077600546 -10.295173645 -0.799114168 -0.055352341 -0.598625600 63.057819366
-0.615731478 0.053936068 0.786107898 148.508514404 -0.009939804 0.997043312 -0.076194189 -10.400133133 -0.787893414 -0.054728922 -0.613374949 62.288326263
-0.630572259 0.052369896 0.774361610 149.491867065 -0.010658223 0.997042477 -0.076108851 -10.500518799 -0.776057422 -0.056245450 -0.628149152 61.505481720
-0.645271778 0.053387377 0.762085497 150.458160400 -0.011726432 0.996745527 -0.079755321 -10.606861115 -0.763863027 -0.060400415 -0.642545819 60.701858521
-0.660539567 0.052720439 0.748937964 151.412734985 -0.014042575 0.996489584 -0.082531594 -10.710118294 -0.750659883 -0.065032408 -0.657480419 59.884048462
-0.676421344 0.049346134 0.734860003 152.360702515 -0.015911706 0.996541083 -0.081564493 -10.820865631 -0.736342907 -0.066864833 -0.673296392 59.040954590
-0.692732811 0.041973285 0.719971836 153.303634644 -0.019420229 0.996857464 -0.076800771 -10.926639557 -0.720932782 -0.067184448 -0.689740658 58.173213959
-0.709685445 0.039339479 0.703419387 154.222900391 -0.020532019 0.996860862 -0.076465413 -11.030827522 -0.704219341 -0.068709023 -0.706650019 57.276462555
-0.726914048 0.036987621 0.685731769 155.111541748 -0.021889741 0.996793032 -0.076970287 -11.134916306 -0.686379552 -0.070961252 -0.723773181 56.356048584
-0.744394243 0.032839436 0.666932344 155.992630005 -0.025539577 0.996658862 -0.077580929 -11.239818573 -0.667251647 -0.074783958 -0.741068482 55.415660858
-0.761016607 0.031152289 0.647984087 156.845367432 -0.024716593 0.996728778 -0.076946534 -11.349205017 -0.648261428 -0.074573554 -0.757757127 54.445549011
-0.776960313 0.033028498 0.628682554 157.667800903 -0.022736469 0.996499121 -0.080451094 -11.455036163 -0.629138887 -0.076801330 -0.773489296 53.452919006
-0.792004585 0.033414211 0.609600127 158.465744019 -0.018284574 0.996754944 -0.078391135 -11.568923950 -0.610241354 -0.073232412 -0.788823426 52.432807922
-0.806916177 0.033803329 0.589697897 159.267883301 -0.015375667 0.996820688 -0.078180261 -11.679851532 -0.590465844 -0.072151914 -0.803830981 51.398376465
-0.821245372 0.034979522 0.569502056 160.011627197 -0.013674357 0.996625781 -0.080932960 -11.790699959 -0.570411503 -0.074253395 -0.817995906 50.351081848
-0.835027456 0.036133651 0.549020410 160.742309570 -0.013062851 0.996257901 -0.085436314 -11.906150818 -0.550053239 -0.078513436 -0.831430793 49.280681610
-0.848029435 0.036346026 0.528701186 161.443466187 -0.010459844 0.996302962 -0.085269138 -12.024991035 -0.529845953 -0.077840887 -0.844514132 48.189247131
-0.859497845 0.034604531 0.509966612 162.104232788 -0.009129040 0.996507287 -0.083005525 -12.139625549 -0.511057913 -0.075998582 -0.856179893 47.077102661
-0.869977295 0.036312260 0.491752952 162.747146606 -0.006301992 0.996384501 -0.084724568 -12.255788803 -0.493051589 -0.076807484 -0.866603017 45.961975098
-0.879322290 0.039214309 0.474609882 163.356216431 -0.003428799 0.996056855 -0.088651113 -12.369117737 -0.476214796 -0.079580240 -0.875720501 44.841411591
-0.888236403 0.036742654 0.457915038 163.954071045 -0.005330376 0.995904803 -0.090250000 -12.489450455 -0.459355772 -0.082604170 -0.884403110 43.706512451
-0.896489859 0.034247942 0.441738695 164.540084839 -0.006064960 0.995966017 -0.089525685 -12.614399910 -0.443022788 -0.082938008 -0.892665684 42.559577942
-0.903633475 0.032080036 0.427103549 165.102737427 -0.007124808 0.995927155 -0.089878924 -12.738464355 -0.428247362 -0.084260635 -0.899724603 41.397750854
-0.910225868 0.030002000 0.413023889 165.648315430 -0.007731940 0.995967031 -0.089386635 -12.863560677 -0.414039940 -0.084555507 -0.906322956 40.224525452
-0.916497111 0.027549798 0.399091482 166.174179077 -0.008722051 0.996012568 -0.088785850 -12.984293938 -0.399946123 -0.084852874 -0.912602425 39.055778503
-0.921983600 0.022839222 0.386554569 166.679687500 -0.011114585 0.996286869 -0.085374437 -13.100989342 -0.387069225 -0.083010234 -0.918306470 37.862277985
-0.927207410 0.018953620 0.374068528 167.192733765 -0.012740958 0.996544659 -0.082074910 -13.223091125 -0.374331623 -0.080866441 -0.923762143 36.666488647
-0.931528628 0.019539807 0.363142908 167.669937134 -0.009945485 0.996813238 -0.079148017 -13.332421303 -0.363532215 -0.077340268 -0.928365707 35.458618164
-0.934656799 0.023639085 0.354764730 168.119857788 -0.005340688 0.996741414 -0.080486469 -13.451869965 -0.355511308 -0.077121913 -0.931484818 34.275634766
-0.936928928 0.028767312 0.348334104 168.585159302 0.000097296 0.996628582 -0.082045257 -13.567068100 -0.349519938 -0.076836698 -0.933772981 33.053642273
-0.938647628 0.032138199 0.343377173 169.023193359 0.003062040 0.996385992 -0.084885895 -13.676706314 -0.344864279 -0.078626506 -0.935353696 31.850902557
-0.940651774 0.028983461 0.338133454 169.481872559 0.000776764 0.996527731 -0.083257526 -13.799668312 -0.339372456 -0.078053698 -0.937408149 30.640121460
-0.942500949 0.022079242 0.333473176 169.923706055 -0.004805904 0.996816695 -0.079582207 -13.914379120 -0.334168643 -0.076608948 -0.939394653 29.409061432
-0.944165945 0.016019532 0.329080552 170.360839844 -0.010342806 0.996883810 -0.078202553 -14.020963669 -0.329307854 -0.077239797 -0.941058040 28.189933777
-0.945845962 0.009453787 0.324478120 170.790527344 -0.017390711 0.996664584 -0.079731710 -14.130326271 -0.324149579 -0.081056811 -0.942526817 26.999235153
-0.947333217 0.006742334 0.320178688 171.234802246 -0.020642452 0.996413648 -0.082058653 -14.245264053 -0.319583714 -0.084346175 -0.943796575 25.767223358
-0.948078990 0.006656477 0.317965567 171.651351929 -0.021253074 0.996219933 -0.084225804 -14.359861374 -0.317324311 -0.086610451 -0.944353700 24.556980133
-0.948196113 0.007902394 0.317587256 172.065231323 -0.020612489 0.996053636 -0.086325541 -14.479732513 -0.317016155 -0.088399813 -0.944291413 23.320539474
-0.948028028 0.010086401 0.318026572 172.468383789 -0.019149069 0.995877147 -0.088667676 -14.591736794 -0.317609698 -0.090149373 -0.943926513 22.102737427
-0.947677732 0.010843855 0.319044471 172.884674072 -0.018933270 0.995754242 -0.090082906 -14.714256287 -0.318666786 -0.091410138 -0.943448961 20.891941071
-0.947163045 0.012132177 0.320522904 173.297302246 -0.018408615 0.995581210 -0.092082426 -14.838457108 -0.320223749 -0.093117461 -0.942754447 19.679241180
-0.946427584 0.013161228 0.322647870 173.714172363 -0.017476361 0.995617032 -0.091876164 -14.965668678 -0.322443008 -0.092592843 -0.942049384 18.473186493
-0.945790887 0.012836090 0.324522108 174.135345459 -0.018015347 0.995606661 -0.091884181 -15.090854645 -0.324275881 -0.092749618 -0.941404581 17.283988953
-0.944590032 0.011408852 0.328053802 174.557022095 -0.019843495 0.995583355 -0.091760643 -15.219584465 -0.327651858 -0.093185931 -0.940191865 16.099906921
-0.942840874 0.009463548 0.333108664 174.978271484 -0.021702170 0.995730996 -0.089715004 -15.338218689 -0.332535654 -0.091816165 -0.938610554 14.915634155
-0.940959871 0.006896451 0.338447869 175.419921875 -0.023911312 0.995941043 -0.086772732 -15.461935043 -0.337672621 -0.089742392 -0.936975718 13.733901978
-0.938404024 0.004735244 0.345507562 175.858764648 -0.025862927 0.996138811 -0.083896384 -15.578547478 -0.344570816 -0.087664537 -0.934658229 12.557006836
-0.936010122 0.006897302 0.351905495 176.310791016 -0.024153264 0.996192515 -0.083768927 -15.692790985 -0.351143360 -0.086908236 -0.932279706 11.392536163
-0.932530165 0.007611541 0.361011833 176.758850098 -0.024077827 0.996241987 -0.083200164 -15.816585541 -0.360288411 -0.086279027 -0.928842425 10.215011597
-0.928770423 0.010310119 0.370512068 177.221603394 -0.023140423 0.996050179 -0.085723355 -15.929013252 -0.369932413 -0.088191114 -0.924863458 9.063201904
-0.924471796 0.011513067 0.381076664 177.704147339 -0.022135198 0.996236980 -0.083797067 -16.054021835 -0.380607456 -0.085903227 -0.920738161 7.890514374
-0.919839084 0.013585918 0.392060488 178.206665039 -0.021803960 0.996084630 -0.085672669 -16.163291931 -0.391689330 -0.087353542 -0.915941477 6.746849060
-0.914652467 0.014978663 0.403963357 178.725967407 -0.022060750 0.995974422 -0.086879887 -16.280977249 -0.403638512 -0.088376641 -0.910640180 5.625736237
-0.908769131 0.017000450 0.416952640 179.258255005 -0.020839222 0.996074319 -0.086033158 -16.404067993 -0.416778415 -0.086873271 -0.904847443 4.490928650
-0.902058303 0.016789462 0.431287497 179.806930542 -0.021567659 0.996241450 -0.083892189 -16.513753891 -0.431074858 -0.084977508 -0.898305774 3.309745789
-0.895640254 0.019391710 0.444356412 180.372238159 -0.020139122 0.996256411 -0.084068835 -16.631423950 -0.444323123 -0.084244378 -0.891896784 2.176635742
-0.888645053 0.021661000 0.458083808 180.932189941 -0.018725837 0.996336937 -0.083439507 -16.739185333 -0.458213091 -0.082726091 -0.884984255 1.064834595
-0.881583929 0.023109380 0.471461296 181.527862549 -0.017317154 0.996544957 -0.081228413 -16.846435547 -0.471709579 -0.079774044 -0.878137946 -0.030647278
-0.874139488 0.024991453 0.485031575 182.135131836 -0.015245759 0.996770918 -0.078835443 -16.952159882 -0.485435605 -0.076307856 -0.870935917 -1.119277954
-0.865692258 0.027930388 0.499796957 182.744628906 -0.011851977 0.997018695 -0.076245531 -17.066833496 -0.500436366 -0.071928740 -0.862780154 -2.192886353
-0.857422173 0.030760089 0.513693631 183.380157471 -0.009309988 0.997121513 -0.075247437 -17.168525696 -0.514529586 -0.069301292 -0.854667544 -3.216514587
-0.846602619 0.034075797 0.531133533 184.008880615 -0.005909967 0.997284830 -0.073402748 -17.272342682 -0.532192767 -0.065281942 -0.844102561 -4.260200500
-0.836130381 0.036804803 0.547294676 184.665832520 -0.003330124 0.997387350 -0.072160512 -17.373638153 -0.548520803 -0.062158152 -0.833823383 -5.259902954
-0.824542105 0.038306240 0.564502299 185.342514038 -0.001901976 0.997512281 -0.070467725 -17.486875534 -0.565797329 -0.059177298 -0.822418094 -6.278228760
-0.813373804 0.040061675 0.580360174 186.054077148 -0.001383579 0.997489929 -0.070794784 -17.580200195 -0.581739604 -0.058385622 -0.811276913 -7.253715515
-0.800219059 0.042864591 0.598173916 186.776550293 0.001043561 0.997540355 -0.070086777 -17.677558899 -0.599706888 -0.055460557 -0.798295617 -8.242561340
-0.786432266 0.043769844 0.616123676 187.524414062 0.002358567 0.997691572 -0.067866169 -17.767917633 -0.617672026 -0.051918976 -0.784720242 -9.203727722
-0.771926165 0.046093103 0.634039104 188.298599243 0.005121791 0.997786582 -0.066301018 -17.858915329 -0.635691643 -0.047932073 -0.770453572 -10.130081177
