1.000000000 0.000000000 0.000000000 0.000000000 0.000000000 1.000000000 0.000000000 0.000000000 0.000000000 0.000000000 1.000000000 0.000000000
0.999999881 0.000207931 0.000428414 -0.000021524 -0.000208707 0.999998331 0.001811729 -0.000019314 -0.000428037 -0.001811818 0.999998271 -0.000663882
0.999998629 -0.001661735 0.000039600 -0.000161862 0.001661451 0.999978662 0.006319370 0.000410138 -0.000050100 -0.006319295 0.999980032 -0.000866438
0.999999583 0.000765372 0.000499114 -0.000415168 -0.000768231 0.999983132 0.005753393 -0.000201604 -0.000494702 -0.005753774 0.999983311 -0.001396943
0.999998927 0.000837886 0.001204582 -0.000393738 -0.000840178 0.999997854 0.001903564 -0.000057782 -0.001202984 -0.001904574 0.999997437 -0.000112674
0.999996603 0.000029052 0.002612688 -0.001317756 -0.000030155 0.999999881 0.000422159 0.000558229 -0.002612675 -0.000422236 0.999996483 0.001785160
0.999995291 -0.001596160 0.002616731 -0.000970699 0.001598911 0.999998152 -0.001049738 -0.000789642 -0.002615051 0.001053917 0.999996006 0.001167626
0.999992669 0.001934473 0.003296808 -0.000810415 -0.001925458 0.999994397 -0.002735676 -0.001978179 -0.003302081 0.002729308 0.999990821 0.000981941
0.999991953 0.001753572 0.003605643 -0.000838052 -0.001743076 0.999994218 -0.002911950 -0.001356964 -0.003610728 0.002905642 0.999989271 0.001739126
0.999991238 0.001772413 0.003799778 -0.001794626 -0.001756770 0.999989986 -0.004116098 -0.002591874 -0.003807035 0.004109387 0.999984324 0.000729988
0.999925673 0.000815342 0.012162827 -0.001926329 -0.000725972 0.999972701 -0.007350420 -0.003640141 -0.012168488 0.007341044 0.999899030 0.001065329
0.999916852 0.000220550 0.012892643 -0.003205596 -0.000123707 0.999971807 -0.007511786 -0.004012095 -0.012893936 0.007509567 0.999888659 0.002040833
0.999862909 0.004325466 0.015981661 -0.002973000 -0.004149816 0.999930799 -0.011007569 -0.004851325 -0.016028168 0.010939739 0.999811709 0.001511071
0.999836147 0.003838404 0.017691528 -0.003870382 -0.003643956 0.999932766 -0.011010221 -0.005915782 -0.017732600 0.010943950 0.999782860 0.001771440
0.999760568 0.005601094 0.021153025 -0.002765313 -0.005342621 0.999910593 -0.012256026 -0.005464374 -0.021219783 0.012140078 0.999701142 0.003212434
0.999708951 0.006567734 0.023214245 -0.002681004 -0.006277878 0.999901712 -0.012537012 -0.006473376 -0.023294304 0.012387627 0.999651909 0.003098345
0.999602675 0.008464851 0.026885824 -0.002591335 -0.008126130 0.999886572 -0.012682868 -0.008588969 -0.026990132 0.012459351 0.999558032 0.004281131
0.999607861 0.006943058 0.027126769 -0.003291057 -0.006594561 0.999894857 -0.012915365 -0.010460925 -0.027213588 0.012731411 0.999548554 0.003786088
0.999487221 0.006097861 0.031434827 -0.004547583 -0.005759334 0.999924541 -0.010848491 -0.012455547 -0.031498607 0.010661885 0.999446929 0.005105092
0.999357760 0.007340003 0.035073634 -0.003472594 -0.006910619 0.999899864 -0.012347947 -0.014279303 -0.035160758 0.012097636 0.999308467 0.003897598
0.998915672 0.007956177 0.045871932 -0.003298470 -0.007203297 0.999837041 -0.016554670 -0.016380673 -0.045996170 0.016206291 0.998810172 0.004741627
0.998737097 0.007552721 0.049671087 -0.003426086 -0.006673416 0.999818504 -0.017844630 -0.017925711 -0.049796846 0.017490618 0.998606205 0.005307586
0.997938156 0.016190127 0.062107325 -0.001920464 -0.014141461 0.999345839 -0.033284832 -0.023080543 -0.062605582 0.032337915 0.997514307 0.005708424
0.997656584 0.012701947 0.067231119 -0.002067541 -0.010253891 0.999276161 -0.036633197 -0.025094818 -0.067647770 0.035857968 0.997064710 0.005289475
0.996909201 0.005064483 0.078399174 -0.003324791 -0.001810923 0.999136209 -0.041515529 -0.023484249 -0.078541704 0.041245237 0.996057272 0.006932212
0.996185958 0.000842793 0.087251201 -0.003344355 0.002336734 0.999337018 -0.036332514 -0.027370168 -0.087223977 0.036397822 0.995523572 0.004682539
0.995957971 0.000956562 0.089815170 -0.002818019 0.002038879 0.999444842 -0.033253506 -0.027710237 -0.089797117 0.033302218 0.995403171 0.001294814
0.995423377 -0.000465716 0.095562190 -0.003575307 0.003158744 0.999602020 -0.028031554 -0.028221153 -0.095511109 0.028205119 0.995028675 -0.000469133
0.994861603 -0.000164384 0.101244316 -0.002210429 0.003060813 0.999590456 -0.028453628 -0.029855223 -0.101198167 0.028617311 0.994454622 -0.000985422
0.994586289 0.003592823 0.103851579 -0.003325759 -0.000620301 0.999589562 -0.028640930 -0.031377818 -0.103911854 0.028421458 0.994180322 -0.000055326
0.994263172 0.011519138 0.106339492 -0.001095316 -0.008687038 0.999596119 -0.027057519 -0.036075950 -0.106608227 0.025978521 0.993961692 -0.002640591
0.994397819 0.014116644 0.104755290 0.000369931 -0.011690985 0.999649942 -0.023733523 -0.038114101 -0.105053656 0.022375870 0.994214773 -0.004348464
0.994360149 0.020560684 0.104043752 -0.000291588 -0.018441793 0.999603331 -0.021286661 -0.040156223 -0.104440145 0.019247854 0.994344890 -0.005199720
0.994235635 0.027850525 0.103536978 -0.000627533 -0.026233433 0.999512196 -0.016947819 -0.042642098 -0.103958480 0.014133994 0.994481206 -0.006601583
0.994386911 0.026918096 0.102323167 -0.000340359 -0.025203351 0.999520004 -0.018014418 -0.042247985 -0.102758966 0.015334415 0.994588077 -0.005887135
0.994402468 0.025375880 0.102565914 -0.000985509 -0.022815298 0.999399960 -0.026061922 -0.046620395 -0.103165708 0.023575967 0.994384766 -0.004063511
0.994112790 0.027855113 0.104708433 -0.003013721 -0.024601776 0.999177516 -0.032234859 -0.051492263 -0.105520219 0.029469071 0.993980408 -0.009095518
0.993811071 0.030015279 0.106951572 -0.002791735 -0.026606033 0.999095798 -0.033162385 -0.053433992 -0.107850246 0.030111589 0.993711054 -0.008847997
0.993559539 0.035931356 0.107463323 -0.004925474 -0.032550011 0.998923302 -0.033055909 -0.054666240 -0.108535364 0.029345080 0.993659377 -0.009106956
0.993337154 0.038735889 0.108539335 -0.004671852 -0.036080673 0.999002159 -0.026321931 -0.056341454 -0.109450638 0.022230379 0.993743598 -0.012227858
0.992983520 0.038034163 0.111969315 -0.007414117 -0.035679612 0.999099553 -0.022958510 -0.058062367 -0.112741694 0.018802401 0.993446410 -0.013478769
0.992893755 0.036560334 0.113248996 -0.009038314 -0.034287862 0.999170899 -0.021950021 -0.061371569 -0.113957606 0.017910972 0.993324161 -0.017044816
0.992591381 0.030802589 0.117531240 -0.010016436 -0.028660437 0.999391615 -0.019873422 -0.058986504 -0.118071891 0.016357690 0.992870331 -0.017941408
0.991986632 0.035272967 0.121319100 -0.011798249 -0.034096777 0.999349356 -0.011757985 -0.062748440 -0.121654905 0.007527174 0.992543936 -0.021423683
0.991625309 0.040313717 0.122694857 -0.011953485 -0.039578449 0.999180973 -0.008425011 -0.064052142 -0.122934006 0.003498382 0.992408693 -0.024979182
0.991262436 0.042873990 0.124742299 -0.014063925 -0.041931968 0.999068737 -0.010168789 -0.062441029 -0.125062108 0.004849249 0.992137074 -0.023465076
0.990868628 0.045751009 0.126831278 -0.013785152 -0.044847708 0.998944104 -0.009970022 -0.065871313 -0.127153501 0.004190890 0.991874218 -0.026804954
0.990340352 0.053089261 0.128091708 -0.013115446 -0.051905919 0.998573005 -0.012561115 -0.067528509 -0.128575772 0.005791062 0.991682768 -0.026892116
0.990137041 0.057690676 0.127673313 -0.013292193 -0.057296142 0.998334289 -0.006763744 -0.071697682 -0.127850845 -0.000618154 0.991793215 -0.027825817
0.989425480 0.061906666 0.131166786 -0.015040327 -0.061308205 0.998081863 -0.008599862 -0.070588566 -0.131447583 0.000467323 0.991322994 -0.025532130
0.987498641 0.069632724 0.141413212 -0.012766541 -0.068064027 0.997554183 -0.015905717 -0.072835736 -0.142174900 0.006081722 0.989822865 -0.026806537
0.985294104 0.070617914 0.155591294 -0.014228037 -0.067263700 0.997377217 -0.026724981 -0.076693356 -0.157070488 0.015866319 0.987459958 -0.030165223
0.984330595 0.074046575 0.160032466 -0.013606694 -0.069918908 0.997062147 -0.031279385 -0.079162329 -0.161878452 0.019599961 0.986616015 -0.028259216
0.983003557 0.081171438 0.164666846 -0.013944747 -0.076631673 0.996488154 -0.033747938 -0.080690287 -0.166827932 0.020555645 0.985771716 -0.032523278
0.982434213 0.084234968 0.166515559 -0.014057643 -0.079958603 0.996276915 -0.032232892 -0.081549272 -0.168610752 0.018352343 0.985511839 -0.034114342
0.981255710 0.091376930 0.169668645 -0.015517805 -0.087231167 0.995682120 -0.031745937 -0.083693333 -0.171836883 0.016350485 0.984989703 -0.039308537
0.980366468 0.093193613 0.173771366 -0.017160904 -0.089125149 0.995535135 -0.031088011 -0.085785478 -0.175892711 0.014990245 0.984295189 -0.040145107
0.978599072 0.093562461 0.183275416 -0.019091100 -0.089430958 0.995519817 -0.030698245 -0.087196566 -0.185326517 0.013650781 0.982582152 -0.041403648
0.977469265 0.098845206 0.186503366 -0.017523706 -0.094990939 0.995040536 -0.029512983 -0.084466793 -0.188495621 0.011131904 0.982010961 -0.039808586
0.973985851 0.110161379 0.198031172 -0.020437203 -0.109965526 0.993862629 -0.012020634 -0.096640550 -0.198140010 -0.010068672 0.980122030 -0.048545446
0.971913457 0.120069996 0.202404290 -0.024323680 -0.121731646 0.992553890 -0.004265344 -0.097196780 -0.201409310 -0.020493463 0.979292810 -0.054978929
0.971840978 0.127718344 0.198023111 -0.025482280 -0.129553840 0.991565406 -0.003713658 -0.097353153 -0.196827203 -0.022045569 0.980190337 -0.056868825
0.970551908 0.133565798 0.200472638 -0.027019974 -0.132919878 0.990985394 -0.016741008 -0.098471805 -0.200901479 -0.010398783 0.979556262 -0.055931505
0.969784260 0.136352763 0.202303097 -0.032015435 -0.135414764 0.990615487 -0.018536935 -0.108952709 -0.202932179 -0.009417998 0.979147494 -0.054441374
0.969133735 0.142420962 0.201236799 -0.034101725 -0.140353471 0.989796281 -0.024580365 -0.113047771 -0.202684224 -0.004422625 0.979234159 -0.051826559
0.968281686 0.145972207 0.202787101 -0.034415755 -0.142720520 0.989288449 -0.030647373 -0.111453280 -0.205088601 0.000733398 0.978743136 -0.052319780
0.967793345 0.147532105 0.203985825 -0.034530196 -0.142810687 0.989029467 -0.037759297 -0.111896411 -0.207318723 0.007411840 0.978245378 -0.051984821
0.966703117 0.145981848 0.210177079 -0.036398463 -0.139207572 0.989158869 -0.046755016 -0.117792666 -0.214723900 0.015939977 0.976544738 -0.051595304
0.964907944 0.146894455 0.217657357 -0.037333671 -0.137757391 0.988844097 -0.056660336 -0.121143520 -0.223552287 0.024688102 0.974379182 -0.054061502
0.963911176 0.146228611 0.222468883 -0.036641270 -0.136440158 0.988899648 -0.058836028 -0.123421766 -0.228602886 0.026359014 0.973162830 -0.053506836
0.962559700 0.145241469 0.228875458 -0.039340496 -0.134623379 0.988990963 -0.061428510 -0.127600670 -0.235277757 0.028316611 0.971515596 -0.054175984
0.961790681 0.147278786 0.230798185 -0.041905049 -0.136315048 0.988670468 -0.062841251 -0.128385127 -0.237438500 0.028978869 0.970970213 -0.056305893
0.960882187 0.149725437 0.232997105 -0.043202952 -0.138690397 0.988320887 -0.063140824 -0.131003484 -0.239729673 0.028356427 0.970425487 -0.057728998
0.962110102 0.155715674 0.223822981 -0.046987288 -0.146294013 0.987528682 -0.058183149 -0.133469477 -0.230091661 0.023234632 0.972891569 -0.061774138
0.964291215 0.155020609 0.214734823 -0.045151919 -0.148303568 0.987817347 -0.047147609 -0.133136064 -0.219427660 0.013618084 0.975533724 -0.062042836
0.965497077 0.154236689 0.209825069 -0.047050875 -0.148432568 0.987977266 -0.043231715 -0.132768869 -0.213970333 0.010595216 0.976782739 -0.063585989
0.966012180 0.156842187 0.205477521 -0.046709962 -0.151658505 0.987588882 -0.040839702 -0.134071991 -0.209332749 0.008289238 0.977809370 -0.063036464
0.967871785 0.157545626 0.195968315 -0.048301574 -0.152928621 0.987484276 -0.038570091 -0.134411767 -0.199592188 0.007361734 0.979851484 -0.062540196
0.971817493 0.151186720 0.180868775 -0.047572955 -0.147609353 0.988489747 -0.033157714 -0.134610966 -0.183799982 0.005525316 0.982948184 -0.063687645
0.972513974 0.159550294 0.169588387 -0.045941491 -0.156014785 0.987167239 -0.034060307 -0.131745830 -0.172846466 0.006665816 0.984926224 -0.062541209
0.973782063 0.157934368 0.163723096 -0.047112875 -0.154679969 0.987429261 -0.032520786 -0.134921566 -0.166801110 0.006343472 0.985970140 -0.062989466
0.975029111 0.158456638 0.155595005 -0.047451228 -0.155486852 0.987346530 -0.031154055 -0.134214103 -0.158562779 0.006183129 0.987329483 -0.064778045
0.975214899 0.160945743 0.151830032 -0.046480834 -0.158159360 0.986947477 -0.030334294 -0.136400670 -0.154730469 0.005569116 0.987941027 -0.067611836
0.974905014 0.165290996 0.149127901 -0.043406770 -0.161642715 0.986179769 -0.036346845 -0.139801160 -0.153074712 0.011329279 0.988149762 -0.069887452
0.975132585 0.165878817 0.146971717 -0.041972131 -0.160676315 0.985903025 -0.046673637 -0.141982317 -0.152642027 0.021898109 0.988038898 -0.069733031
0.975785553 0.161087438 0.147963971 -0.042304244 -0.155890733 0.986695766 -0.046148799 -0.143288538 -0.153429404 0.021965120 0.987915456 -0.071262568
0.974712074 0.163087994 0.152770460 -0.041334637 -0.159035817 0.986523271 -0.038462881 -0.145965859 -0.156984478 0.013194257 0.987512946 -0.073200233
0.972082853 0.171689078 0.159930229 -0.036013089 -0.167744800 0.985099792 -0.037947912 -0.145653844 -0.164062500 0.010061055 0.986398637 -0.080858439
0.970609307 0.172532499 0.167779505 -0.032296300 -0.165435031 0.984657526 -0.055505190 -0.151596680 -0.174781799 0.026117248 0.984260678 -0.081185542
0.969566941 0.171471432 0.174749583 -0.030422667 -0.162795231 0.984650433 -0.062938571 -0.151609123 -0.182859406 0.032574762 0.982599258 -0.082775228
0.967641890 0.172667459 0.183997363 -0.026853036 -0.162629515 0.984311223 -0.068432346 -0.153022334 -0.192926720 0.036294602 0.980541646 -0.089930736
0.966124952 0.179585129 0.185342312 -0.023836821 -0.168471009 0.982910037 -0.074197777 -0.154179633 -0.195499659 0.040459510 0.979868829 -0.089053884
0.966119289 0.180778444 0.184207946 -0.022639655 -0.169228703 0.982585192 -0.076734371 -0.155304417 -0.194871917 0.042961285 0.979887426 -0.089970693
0.966865003 0.184661165 0.176273584 -0.022213526 -0.175005794 0.982148707 -0.068970904 -0.155943811 -0.185863107 0.035836652 0.981921911 -0.091266759
0.968225837 0.197638467 0.153224736 -0.019357607 -0.191599250 0.980020761 -0.053375628 -0.157054290 -0.160712540 0.022321913 0.986748815 -0.088117599
0.970987976 0.196016178 0.136967748 -0.021638963 -0.188788027 0.979927838 -0.064035684 -0.158392861 -0.146770567 0.036320008 0.988503456 -0.081979543
0.974084020 0.191360652 0.120587841 -0.021825042 -0.184288085 0.980558157 -0.067404822 -0.160518646 -0.131142035 0.043435052 0.990411639 -0.080739498
0.974791884 0.189788073 0.117308386 -0.024513811 -0.182928622 0.980853736 -0.066806756 -0.160846785 -0.127741486 0.043663621 0.990845919 -0.078105047
0.977169394 0.184645176 0.105100460 -0.023442652 -0.178026900 0.981583238 -0.069287650 -0.158725306 -0.115958482 0.048995055 0.992044926 -0.077003747
0.979932666 0.175969765 0.093630351 -0.026227219 -0.169831961 0.982985497 -0.069975361 -0.159215644 -0.104350835 0.052669704 0.993144929 -0.073756948
0.980195403 0.177048013 0.088718072 -0.026848070 -0.171178162 0.982753277 -0.069957271 -0.159600884 -0.099573776 0.053385209 0.993596971 -0.072795615
0.979719043 0.182481945 0.082770348 -0.026846301 -0.177372098 0.981965959 -0.065436900 -0.158725336 -0.093218744 0.049428619 0.994417906 -0.072647169
0.979623556 0.186050028 0.075651683 -0.027207248 -0.182520181 0.981866777 -0.051224865 -0.157223389 -0.083810292 0.036373116 0.995817661 -0.073767997
0.979367912 0.187814847 0.074593127 -0.026090097 -0.184702203 0.981684387 -0.046700407 -0.157573968 -0.081997976 0.031959366 0.996119857 -0.072640173
0.978893697 0.189089686 0.077538304 -0.024443662 -0.186413169 0.981637239 -0.040480129 -0.155859634 -0.083768860 0.025171578 0.996167302 -0.073655255
0.979056716 0.188366219 0.077239707 -0.024438640 -0.185841143 0.981815994 -0.038735691 -0.156922981 -0.083131678 0.023570122 0.996259749 -0.072382212
0.979869187 0.184436187 0.076418050 -0.024082143 -0.181835145 0.982524812 -0.039761215 -0.154975191 -0.082416050 0.025065307 0.996282756 -0.073615670
0.980157316 0.182586715 0.077160500 -0.025152236 -0.179855615 0.982836843 -0.041033044 -0.155557528 -0.083328284 0.026341090 0.996173918 -0.075532161
0.980436862 0.182920307 0.072689019 -0.024158290 -0.179723784 0.982526958 -0.048374549 -0.156964257 -0.080267623 0.034364246 0.996180773 -0.076380908
0.981110215 0.178679660 0.074138500 -0.025156580 -0.175472960 0.983324468 -0.047772493 -0.154837564 -0.081438199 0.033860765 0.996102989 -0.075157583
0.981707036 0.174246982 0.076740623 -0.025374424 -0.171555698 0.984344959 -0.040417649 -0.153525472 -0.082581915 0.026513001 0.996231556 -0.075182125
0.981231391 0.176665768 0.077292457 -0.025482755 -0.174302295 0.984019935 -0.036378212 -0.154907376 -0.082484126 0.022223191 0.996344566 -0.075595148
0.979461789 0.184844896 0.080542654 -0.025651785 -0.182637572 0.982591331 -0.034025278 -0.152868047 -0.085429929 0.018616341 0.996170163 -0.076865129
0.979218423 0.186465934 0.079759888 -0.025834313 -0.184119999 0.982248425 -0.035885118 -0.151991859 -0.085035384 0.020453980 0.996167898 -0.076213628
0.979337633 0.186558098 0.078063399 -0.027309999 -0.183937296 0.982140899 -0.039578386 -0.153698236 -0.084052928 0.024401825 0.996162474 -0.077439390
0.980836987 0.178857878 0.077257760 -0.027662141 -0.175351858 0.983232439 -0.050056901 -0.155411750 -0.084915429 0.035550367 0.995753646 -0.078718215
0.980912626 0.179134518 0.075638816 -0.027248964 -0.174961746 0.982827008 -0.058647640 -0.155679137 -0.084845692 0.044294313 0.995409071 -0.077061154
0.982130408 0.171878532 0.076665461 -0.028025543 -0.167406201 0.983972728 -0.061423399 -0.156644151 -0.085994095 0.047491513 0.995163023 -0.078533068
0.982441127 0.169495836 0.077978700 -0.029151374 -0.165148184 0.984488785 -0.059226722 -0.157071039 -0.086807869 0.045308717 0.995194137 -0.078192174
0.982129812 0.171930715 0.076555833 -0.027697954 -0.167811319 0.984147847 -0.057379555 -0.153829560 -0.085207574 0.043507233 0.995412886 -0.080533125
0.982317090 0.170888022 0.076487258 -0.028976843 -0.167155266 0.984513342 -0.052845933 -0.156126112 -0.084333465 0.039126214 0.995669127 -0.079756781
0.982448041 0.170358330 0.075986326 -0.027926177 -0.166903809 0.984717190 -0.049752023 -0.154198900 -0.083300725 0.036196370 0.995866895 -0.079701111
0.982195139 0.171962321 0.075641394 -0.029499637 -0.168554515 0.984454334 -0.049385790 -0.153920233 -0.082958005 0.035756778 0.995911360 -0.081090249
0.982069969 0.171576440 0.078103431 -0.028989837 -0.167995572 0.984500408 -0.050364807 -0.155027241 -0.085534260 0.036340732 0.995672226 -0.082801603
0.982479274 0.166220114 0.084291779 -0.030647114 -0.162082657 0.985309184 -0.053805239 -0.154221818 -0.091996975 0.039200302 0.994987369 -0.080447659
0.982872307 0.163212448 0.085579343 -0.031537436 -0.158902809 0.985760868 -0.055004604 -0.155612528 -0.093338206 0.040463708 0.994811833 -0.081531145
0.982569456 0.161094546 0.092767030 -0.031229220 -0.156430513 0.986124218 -0.055573303 -0.154533342 -0.100432381 0.040093035 0.994135737 -0.080117390
0.982116759 0.161930084 0.096048735 -0.028300948 -0.157172590 0.986025274 -0.055235684 -0.154931754 -0.103650823 0.039151657 0.993842840 -0.083635658
0.981860340 0.160866022 0.100360937 -0.029545300 -0.155807957 0.986175895 -0.056401618 -0.155446589 -0.108046629 0.039741471 0.993351161 -0.082414411
0.981764495 0.160312355 0.102168247 -0.027933501 -0.154976830 0.986200452 -0.058231048 -0.155685201 -0.110093534 0.041335464 0.993061304 -0.082694180
0.980296016 0.162819266 0.111845687 -0.026936419 -0.156956613 0.985816360 -0.059420571 -0.156234801 -0.119934112 0.040694833 0.991947412 -0.084498651
0.979859352 0.160461068 0.118860915 -0.024889912 -0.154270470 0.986227512 -0.059630923 -0.155935988 -0.126792371 0.040093180 0.991118610 -0.084648825
0.978833854 0.162240580 0.124749169 -0.023704011 -0.155776381 0.985968471 -0.059999712 -0.157975242 -0.132733151 0.039296772 0.990372419 -0.085060284
0.978021324 0.164279908 0.128398955 -0.023582261 -0.157602489 0.985640764 -0.060610883 -0.157683924 -0.136512384 0.039042741 0.989868641 -0.085683048
0.977953196 0.161859214 0.131943226 -0.021887088 -0.155310407 0.986128032 -0.058567360 -0.158674181 -0.139592573 0.036783986 0.989525557 -0.084572747
0.977418602 0.163387418 0.134005293 -0.021327890 -0.156861395 0.985918224 -0.057963133 -0.158543527 -0.141588703 0.035633981 0.989283979 -0.084825031
0.975638807 0.168102428 0.140963018 -0.020487042 -0.162129477 0.985349357 -0.052920356 -0.156187043 -0.147793874 0.028776892 0.988599420 -0.082745984
0.975806177 0.167047337 0.141058490 -0.018484492 -0.161162898 0.985544443 -0.052239068 -0.157421291 -0.147745818 0.028241815 0.988622010 -0.083546199
0.975223958 0.166023061 0.146200478 -0.018509217 -0.159860134 0.985714614 -0.053022616 -0.156493723 -0.152914912 0.028337298 0.987832963 -0.082396075
0.975052178 0.165612295 0.147803411 -0.019976543 -0.159595624 0.985824466 -0.051762059 -0.158468500 -0.154280677 0.026881931 0.987661242 -0.083444595
0.974479318 0.166624472 0.150420189 -0.018450513 -0.160849601 0.985718548 -0.049861871 -0.156891555 -0.156580180 0.024394343 0.987363935 -0.083177730
0.973470807 0.169783249 0.153388783 -0.017238952 -0.164112926 0.985224128 -0.048995443 -0.157075137 -0.159440920 0.022522558 0.986950457 -0.084263213
0.973901689 0.167782113 0.152854696 -0.017629018 -0.162309155 0.985586584 -0.047696248 -0.155200213 -0.158654109 0.021641742 0.987097085 -0.082602575
0.973406553 0.170520321 0.152979031 -0.016464049 -0.165770084 0.985209703 -0.043382518 -0.155914307 -0.158114016 0.016869482 0.987276733 -0.084650293
0.973110795 0.171239167 0.154053465 -0.015206923 -0.167123690 0.985149205 -0.039377660 -0.155455276 -0.158508658 0.012572831 0.987277567 -0.085879490
0.973418534 0.170073986 0.153399110 -0.016904820 -0.166901320 0.985406816 -0.033424266 -0.153894037 -0.156845137 0.006933279 0.987598836 -0.085442193
0.972767591 0.172018200 0.155348182 -0.015841175 -0.169206008 0.985085189 -0.031248923 -0.152592301 -0.158406615 0.004112089 0.987365365 -0.085930653
0.971441090 0.176362202 0.158740848 -0.016015202 -0.173967049 0.984325171 -0.028972030 -0.153025657 -0.161362216 0.000528943 0.986895144 -0.086407863
0.971116662 0.176599175 0.160452843 -0.017064895 -0.174313799 0.984282732 -0.028322777 -0.151902199 -0.162932739 -0.000464430 0.986637056 -0.086525150
0.970787644 0.176895112 0.162109420 -0.015361897 -0.173741072 0.984219909 -0.033545189 -0.152799562 -0.165485308 0.004400188 0.986202359 -0.087345749
0.970017076 0.177954316 0.165526703 -0.015482218 -0.173050478 0.983942688 -0.043708377 -0.154085889 -0.170646846 0.013753397 0.985236228 -0.085815735
0.968477428 0.179719955 0.172488227 -0.014042209 -0.172508880 0.983412027 -0.056049123 -0.157302678 -0.179700166 0.024526555 0.983415544 -0.085292265
0.968231916 0.179089829 0.174509779 -0.012843341 -0.171218351 0.983447492 -0.059288271 -0.157884687 -0.182239145 0.027525518 0.982868850 -0.085203297
0.967048585 0.180349082 0.179697663 -0.011906775 -0.171652481 0.983144045 -0.062954612 -0.159157515 -0.188022509 0.030034622 0.981705368 -0.084180236
0.965801239 0.183049724 0.183632180 -0.009173661 -0.174386382 0.982697725 -0.062406927 -0.159243852 -0.191878513 0.028249733 0.981012046 -0.086070135
0.965069532 0.184366584 0.186144516 -0.006741965 -0.176041335 0.982524931 -0.060450859 -0.161752090 -0.194036722 0.025570147 0.980660915 -0.085247539
0.964442551 0.186496377 0.187269002 -0.006994971 -0.178022683 0.982118666 -0.061243206 -0.162313759 -0.195342034 0.025727421 0.980397642 -0.085595489
0.963709831 0.188740253 0.188786954 -0.006765089 -0.179535300 0.981609464 -0.064884156 -0.162324399 -0.197561309 0.028635569 0.979872227 -0.085010827
0.963465631 0.188887656 0.189883038 -0.007373717 -0.179384217 0.981548607 -0.066208653 -0.162538394 -0.198885426 0.029727731 0.979571700 -0.085859112
0.963351488 0.189043924 0.190305889 -0.006812832 -0.179125994 0.981459856 -0.068194136 -0.162398815 -0.199669272 0.031606175 0.979353487 -0.085164063
0.963406563 0.189147562 0.189923853 -0.006950532 -0.178864241 0.981376231 -0.070059329 -0.162430897 -0.199638307 0.033525035 0.979295969 -0.085421085
0.963502347 0.188457817 0.190123111 -0.006948289 -0.178378507 0.981542349 -0.068961598 -0.162356272 -0.199610248 0.032530796 0.979335248 -0.086068727
0.963581264 0.189002842 0.189179972 -0.007326367 -0.178996891 0.981440544 -0.068807594 -0.162615731 -0.198673740 0.032439087 0.979528666 -0.086055897
0.963645935 0.189794078 0.188055292 -0.007652628 -0.179721966 0.981266677 -0.069395855 -0.162610024 -0.197703302 0.033075366 0.979703724 -0.087311141
0.964386463 0.189306930 0.184720501 -0.008526506 -0.179328576 0.981333911 -0.069462888 -0.162710249 -0.194422275 0.033863395 0.980333269 -0.088887133
0.964997292 0.188406542 0.182436615 -0.009700837 -0.178605869 0.981506050 -0.068889484 -0.163026601 -0.192041889 0.033893917 0.980801225 -0.091545686
0.965169489 0.187763691 0.182188645 -0.010459470 -0.178123966 0.981651902 -0.068054587 -0.162982613 -0.191624030 0.033232056 0.980905592 -0.093224511
0.966000795 0.187390909 0.178121209 -0.010648512 -0.177903146 0.981697857 -0.067968674 -0.163317248 -0.187597930 0.033969466 0.981658340 -0.093568593
0.966832638 0.185765624 0.175287738 -0.011599025 -0.177206069 0.982128203 -0.063421637 -0.162971452 -0.183936581 0.030256048 0.982472301 -0.095852673
0.967823684 0.183311805 0.172377840 -0.007659010 -0.175604790 0.982686579 -0.059076883 -0.164572656 -0.180222884 0.026905626 0.983257830 -0.098012447
0.967764258 0.185439691 0.170424208 -0.006741910 -0.178107977 0.982330501 -0.057483152 -0.164670870 -0.178072572 0.025276225 0.983692646 -0.100442186
0.966314018 0.187605143 0.176186234 -0.006421108 -0.180650473 0.982016027 -0.054863386 -0.164679751 -0.183310315 0.021187130 0.982826769 -0.103476763
0.965412557 0.190159008 0.178376883 -0.002520697 -0.181241199 0.981276572 -0.065176994 -0.167245537 -0.187431023 0.030593447 0.981801212 -0.102654263
0.965162396 0.189009175 0.180934116 -0.003179090 -0.179605469 0.981442928 -0.067169607 -0.169637218 -0.190272167 0.032332815 0.981198788 -0.100724652
0.964657187 0.191674829 0.180823877 -0.002542092 -0.181395486 0.980776429 -0.071924731 -0.171864569 -0.191133976 0.036582071 0.980882108 -0.100206673
0.964405537 0.192795351 0.180974856 -0.002105548 -0.182499275 0.980560601 -0.072077341 -0.172835171 -0.191352993 0.036484011 0.980842948 -0.099373288
0.964499235 0.191866130 0.181462809 -0.001203888 -0.181974947 0.980820537 -0.069829985 -0.173087880 -0.191380471 0.034329269 0.980915308 -0.098055050
0.964709103 0.191385046 0.180853590 -0.002557412 -0.181614742 0.980926454 -0.069278270 -0.173079416 -0.190662891 0.033987690 0.981067002 -0.098681979
0.965481758 0.189972118 0.178201124 -0.002753815 -0.181178391 0.981330216 -0.064539388 -0.172029868 -0.187134862 0.030025400 0.981875241 -0.098218739
0.965813935 0.191359401 0.174885824 -0.002702547 -0.182610676 0.981036186 -0.064971402 -0.170891285 -0.184002206 0.030814273 0.982442737 -0.098537780
0.965641737 0.191777229 0.175378010 -0.004033419 -0.183187008 0.980987489 -0.064078867 -0.172443599 -0.184332490 0.029750256 0.982413590 -0.098800547
0.966531813 0.189919144 0.172473311 -0.003643905 -0.180955172 0.981244981 -0.066435017 -0.171007156 -0.181855872 0.033001617 0.982771218 -0.097927026
0.966454983 0.190716073 0.172023728 -0.004256995 -0.181644008 0.981067717 -0.067168608 -0.172733232 -0.181577086 0.033668347 0.982800245 -0.098588862
0.965969205 0.191155881 0.174249604 -0.006610631 -0.182069466 0.981009245 -0.066870667 -0.170877770 -0.183723196 0.032869466 0.982428312 -0.096961923
0.966456652 0.191514596 0.171124876 -0.005613995 -0.182438150 0.980902493 -0.067427978 -0.171159044 -0.180770248 0.033946510 0.982939303 -0.097149827
0.966873109 0.190565735 0.169826776 -0.005021915 -0.182405055 0.981230497 -0.062571704 -0.171884969 -0.178563252 0.029521637 0.983485460 -0.097510867
0.966977715 0.191227898 0.168481812 -0.006329504 -0.183530688 0.981164098 -0.060278691 -0.169739649 -0.176835269 0.027366566 0.983859897 -0.096761279
0.967281818 0.191031307 0.166952148 -0.008234384 -0.183544844 0.981219649 -0.059322834 -0.169413313 -0.175149262 0.026738685 0.984178722 -0.096970946
0.967310965 0.190506399 0.167381868 -0.008218152 -0.183192641 0.981350064 -0.058245108 -0.169334397 -0.175356284 0.025678003 0.984170139 -0.097327530
0.967379689 0.191429690 0.165925011 -0.008060825 -0.184261426 0.981181264 -0.057715472 -0.168476045 -0.173850968 0.025259197 0.984447956 -0.096816108
0.967546046 0.194982648 0.160737053 -0.008969645 -0.188264921 0.980511069 -0.056164190 -0.167945534 -0.168555513 0.024080293 0.985397935 -0.097180411
0.966948569 0.199346304 0.158969909 -0.010193920 -0.193062156 0.979688406 -0.054199517 -0.169693172 -0.166545466 0.021717068 0.985794604 -0.096155360
0.967175901 0.199486986 0.157403141 -0.009836365 -0.192925841 0.979609787 -0.056073830 -0.167866915 -0.165379703 0.023866121 0.985941172 -0.095311992
0.968672931 0.197794721 0.150166839 -0.011384537 -0.190072298 0.979662895 -0.064290129 -0.169352740 -0.159829155 0.033733547 0.986568153 -0.092277825
0.969571769 0.195553541 0.147273019 -0.012895735 -0.187616125 0.980014384 -0.066121705 -0.170360684 -0.157260001 0.036478937 0.986883163 -0.090279318
0.971101582 0.200106502 0.130072922 -0.014727377 -0.193490624 0.979154885 -0.061782382 -0.168153495 -0.139724597 0.034829076 0.989577651 -0.083774731
0.971234262 0.202900574 0.124641135 -0.015213600 -0.197352797 0.978761137 -0.055482537 -0.168073893 -0.133251354 0.029288258 0.990649402 -0.081857070
0.971643925 0.204405412 0.118854627 -0.015896890 -0.199597150 0.978541136 -0.051169354 -0.164949119 -0.126763433 0.025995350 0.991592228 -0.081029333
0.973335564 0.202325583 0.108084060 -0.017278029 -0.198620036 0.979082704 -0.044127654 -0.162232146 -0.114751399 0.021483352 0.993161857 -0.075260863
0.975030005 0.198871925 0.098824903 -0.019511553 -0.195016086 0.979656339 -0.047352392 -0.160487130 -0.106231488 0.026897557 0.993977547 -0.068258934
0.976743519 0.192500591 0.094422430 -0.020510826 -0.188726574 0.980881453 -0.047475651 -0.161466718 -0.101756305 0.028551508 0.994399607 -0.065858632
0.978497922 0.188061073 0.084704906 -0.021905553 -0.184641674 0.981700063 -0.046609741 -0.160061032 -0.091920301 0.029967479 0.995315313 -0.059190441
0.978203595 0.192441583 0.077999115 -0.019467510 -0.190468177 0.981169462 -0.032066308 -0.156452298 -0.082701266 0.016511034 0.996437550 -0.054606814
0.979611695 0.188102260 0.070557527 -0.020444904 -0.186506823 0.982036829 -0.028615972 -0.157406807 -0.074672811 0.014873083 0.997097135 -0.053499512
0.980693340 0.183176741 0.068459846 -0.021961879 -0.181523293 0.982938290 -0.029692568 -0.157270953 -0.072730795 0.016692245 0.997211993 -0.051032927
0.982161522 0.176564991 0.064679608 -0.024911329 -0.174518555 0.983992875 -0.036074184 -0.158149570 -0.070013694 0.024142886 0.997253835 -0.046214398
0.982429564 0.175093368 0.064609550 -0.024354260 -0.172704652 0.984123588 -0.040912874 -0.157751128 -0.070747361 0.029035645 0.997071564 -0.048174355
0.984330297 0.165433019 0.061039358 -0.025841679 -0.162665382 0.985520065 -0.047855824 -0.156251937 -0.068072446 0.037176941 0.996987462 -0.041557804
0.984131992 0.166649774 0.060925290 -0.028100206 -0.163877562 0.985311806 -0.048006672 -0.155729428 -0.068030715 0.037260611 0.996987164 -0.038684979
0.983563542 0.170013055 0.060813338 -0.027331606 -0.167653486 0.984949410 -0.042036608 -0.155751646 -0.067044847 0.031150106 0.997263551 -0.039574683
0.982879579 0.174496219 0.059150927 -0.026939526 -0.172391534 0.984255016 -0.039029580 -0.154196084 -0.065030105 0.028164255 0.997485757 -0.036780551
0.981552184 0.183559731 0.053488038 -0.026519731 -0.181667417 0.982611597 -0.038360197 -0.154342726 -0.059599340 0.027935501 0.997831464 -0.034849387
0.981738806 0.182910845 0.052273817 -0.029296268 -0.181164056 0.982777417 -0.036440507 -0.157071084 -0.058038883 0.026304921 0.997967720 -0.035446253
0.982005477 0.182125092 0.049957298 -0.028803796 -0.180354834 0.982869387 -0.037947565 -0.155802652 -0.056012705 0.028254677 0.998030186 -0.032659966
0.982695222 0.179597601 0.045330569 -0.029719176 -0.177786633 0.983203232 -0.041271955 -0.156412274 -0.051981531 0.032498583 0.998119116 -0.031712107
0.982847750 0.178742230 0.045403831 -0.030191671 -0.176984876 0.983392835 -0.040186998 -0.156157300 -0.051832929 0.031461913 0.998160005 -0.032324679
0.982897937 0.179617405 0.040610656 -0.032001574 -0.177740678 0.983006299 -0.045901589 -0.158004999 -0.048165247 0.037898406 0.998120129 -0.029801751
0.983648896 0.176284015 0.036863655 -0.032453280 -0.174387261 0.983429074 -0.049561873 -0.156850979 -0.044989765 0.042322934 0.998090446 -0.031058598
0.985017419 0.168899968 0.034833506 -0.033680506 -0.167050898 0.984653115 -0.050519906 -0.159481853 -0.042831764 0.043944016 0.998115361 -0.031536903
0.985064149 0.168828711 0.033845931 -0.034207005 -0.166933328 0.984561265 -0.052654594 -0.158307999 -0.042212993 0.046218134 0.998039007 -0.028373493
0.985291362 0.167227402 0.035155356 -0.033444338 -0.165142059 0.984699547 -0.055631034 -0.158031851 -0.043920502 0.049007151 0.997832298 -0.028985422
0.985044122 0.168375894 0.036573857 -0.031699780 -0.166153178 0.984445095 -0.057106115 -0.161150247 -0.045620278 0.050175175 0.997697949 -0.031123109
0.980561256 0.191249967 0.043851011 -0.024008395 -0.188447952 0.980185807 -0.061018214 -0.161690712 -0.054651864 0.051568463 0.997172952 -0.028970540
0.979674578 0.194861427 0.047609404 -0.022268491 -0.191852376 0.979510844 -0.061247159 -0.161751568 -0.058568634 0.050868310 0.996986508 -0.030999377
0.979217350 0.196019650 0.052056074 -0.023390785 -0.192805916 0.979343414 -0.060928248 -0.160142243 -0.062923938 0.049625270 0.996783793 -0.030447178
0.979583919 0.193049967 0.056097731 -0.018878339 -0.189775616 0.980063617 -0.058827236 -0.161055803 -0.066335954 0.046980239 0.996690691 -0.033308432
0.978882611 0.196266741 0.057168260 -0.020809792 -0.192829847 0.979364991 -0.060505204 -0.160609215 -0.067863762 0.048203744 0.996529460 -0.031366043
0.979187250 0.195402145 0.054866195 -0.020243118 -0.191960111 0.979424894 -0.062275276 -0.161254257 -0.065906040 0.050447032 0.996549785 -0.033759870
0.980023026 0.191450626 0.053866923 -0.020313030 -0.188194647 0.980286658 -0.060174793 -0.158961341 -0.064325556 0.048835211 0.996733308 -0.031208983
0.979959488 0.192018449 0.052994043 -0.021807039 -0.189001158 0.980316103 -0.057087272 -0.160535127 -0.062912717 0.045927271 0.996961653 -0.032707561
0.979422867 0.196179569 0.047375381 -0.018896971 -0.193762913 0.979713261 -0.051163603 -0.156323493 -0.056451559 0.040931202 0.997565925 -0.031487688
0.979101121 0.197589323 0.048159420 -0.019482084 -0.195414275 0.979624152 -0.046365716 -0.157292813 -0.056339495 0.035985690 0.997762859 -0.033019815
0.979053557 0.198177680 0.046688929 -0.018796148 -0.196187288 0.979580045 -0.043972425 -0.159103721 -0.054449901 0.033891588 0.997941136 -0.032878511
0.979741454 0.195997149 0.041131973 -0.021701297 -0.194124669 0.979922771 -0.045465048 -0.159180045 -0.049217165 0.036559261 0.998118758 -0.031248659
0.980319321 0.193222940 0.040482655 -0.022159886 -0.190979257 0.980137050 -0.053462267 -0.158826515 -0.050008714 0.044678740 0.997748971 -0.026958253
0.980689406 0.191994905 0.037231356 -0.022064470 -0.189752579 0.980202079 -0.056550242 -0.159532741 -0.047351614 0.048393480 0.997705281 -0.030862574
0.980805039 0.191115931 0.038680330 -0.024919376 -0.188699782 0.980280459 -0.058673523 -0.158747748 -0.049131036 0.050248310 0.997527540 -0.027394731
0.980551600 0.192032993 0.040519834 -0.022137780 -0.189401940 0.979999602 -0.061054111 -0.160452142 -0.051433831 0.052192174 0.997311652 -0.027636969
0.980534732 0.192179099 0.040233985 -0.022595098 -0.189522043 0.979926646 -0.061848782 -0.161251009 -0.051312394 0.053019654 0.997274280 -0.028839707
0.980514646 0.192374974 0.039786279 -0.020696010 -0.189808875 0.979953527 -0.060527891 -0.161095083 -0.050632775 0.051796690 0.997373283 -0.029075980
0.980109096 0.194239527 0.040708318 -0.019304249 -0.191734090 0.979707599 -0.058405448 -0.158450350 -0.051226906 0.049438540 0.997462630 -0.027638070
0.979921222 0.195339814 0.039958850 -0.018620202 -0.192879930 0.979493022 -0.058230735 -0.157867670 -0.050514199 0.049354270 0.997503102 -0.028394423
0.980137169 0.194324076 0.039614424 -0.018316356 -0.191938296 0.979744375 -0.057102092 -0.158740535 -0.049908340 0.048364356 0.997582078 -0.027119016
0.980813563 0.191199943 0.038043052 -0.019212397 -0.188972428 0.980416417 -0.055433363 -0.158270910 -0.047896892 0.047180705 0.997737288 -0.027659804
0.980713427 0.191686451 0.038176328 -0.017315814 -0.189576194 0.980442643 -0.052849859 -0.158610746 -0.047560304 0.044593230 0.997872472 -0.031474426
0.980668783 0.191673085 0.039372817 -0.018283643 -0.189587757 0.980525792 -0.051242631 -0.157807454 -0.048427925 0.042787444 0.997909784 -0.029043879
0.980408430 0.193310276 0.037820786 -0.017189084 -0.191259265 0.980165243 -0.051923297 -0.159657046 -0.047107935 0.043672454 0.997934639 -0.031466689
0.980219185 0.194122627 0.038559273 -0.016992943 -0.191837013 0.979821920 -0.056103408 -0.158961877 -0.048672184 0.047596544 0.997680068 -0.032602016
0.979979277 0.195474833 0.037816912 -0.017591003 -0.192989737 0.979307473 -0.060925040 -0.160294339 -0.048943706 0.052407004 0.997425675 -0.032971561
0.979824483 0.196138114 0.038391098 -0.017101608 -0.193582654 0.979140222 -0.061726265 -0.159111753 -0.049697138 0.053049050 0.997354388 -0.032247499
0.979706466 0.196551993 0.039275587 -0.017561203 -0.193922415 0.979039431 -0.062255725 -0.162509337 -0.050688855 0.053375915 0.997287154 -0.032572605
0.979850471 0.195904046 0.038919017 -0.016875286 -0.193262324 0.979129910 -0.062882841 -0.161317170 -0.050425813 0.054094192 0.997261822 -0.035078607
0.979516506 0.197152808 0.040964168 -0.015826093 -0.194400996 0.978905857 -0.062861450 -0.163600102 -0.052493379 0.053610340 0.997181177 -0.033442974
0.979548037 0.196756855 0.042098705 -0.014517660 -0.193798989 0.978848636 -0.065554306 -0.163267925 -0.054106522 0.056054909 0.996960580 -0.033316471
0.979445279 0.196797729 0.044243701 -0.016229896 -0.193572298 0.978715718 -0.068157047 -0.163509890 -0.056715164 0.058191746 0.996693015 -0.032666121
0.979789674 0.194419369 0.047043301 -0.014124950 -0.190778032 0.978959203 -0.072406694 -0.164288938 -0.060130738 0.061968513 0.996265054 -0.034474839
0.980044782 0.192960933 0.047729924 -0.013804618 -0.189200073 0.979169905 -0.073685087 -0.163866207 -0.060954053 0.063184179 0.996138692 -0.034625687
0.979634047 0.194381237 0.050328963 -0.013667020 -0.190324292 0.978796005 -0.075730465 -0.162863672 -0.063982375 0.064609312 0.995857358 -0.033966098
0.979204893 0.196088687 0.052025937 -0.015120761 -0.191846997 0.978411734 -0.076844975 -0.164172187 -0.065971218 0.065265968 0.995684803 -0.032662913
0.979700744 0.192420647 0.056219541 -0.015241400 -0.187865674 0.979136765 -0.077445269 -0.165347740 -0.069948673 0.065311469 0.995410204 -0.032546416
0.979722321 0.191967443 0.057380058 -0.015597433 -0.187130317 0.979045510 -0.080325313 -0.164793432 -0.071597531 0.067958951 0.995115757 -0.031617291
0.980241179 0.188572139 0.059730172 -0.014235816 -0.183193862 0.979354799 -0.085464776 -0.165407881 -0.074613303 0.072833896 0.994549155 -0.032923609
0.980325818 0.188280463 0.059258346 -0.014456337 -0.182711676 0.979177415 -0.088476174 -0.167191684 -0.074682765 0.075908303 0.994314134 -0.033361908
0.979841828 0.190509498 0.060133457 -0.013934359 -0.184503913 0.978395522 -0.093275428 -0.166042998 -0.076604173 0.080300309 0.993822753 -0.033819169
0.979096532 0.194144636 0.060644679 -0.014214729 -0.188167036 0.977788448 -0.092319496 -0.167144582 -0.077221014 0.078978375 0.993880928 -0.032183528
0.979177177 0.194094673 0.059491027 -0.014524222 -0.188043118 0.977606177 -0.094477773 -0.166568369 -0.076496445 0.081323601 0.993747830 -0.031678934
