<?xml version="1.0"?>
<opencv_storage>
<M1 type_id="opencv-matrix">
  <rows>3</rows>
  <cols>3</cols>
  <dt>d</dt>
  <data>
    6.5623528505459979e+02 0. 3.5541443779655890e+02 0.
    6.5610132919533669e+02 2.1652489359370381e+02 0. 0. 1.</data></M1>
<D1 type_id="opencv-matrix">
  <rows>1</rows>
  <cols>5</cols>
  <dt>d</dt>
  <data>
    -4.4369042920472201e-01 3.3763744009813068e-01
    -1.3827140834270796e-04 -1.8387280509660920e-03
    -3.1759274223046124e-01</data></D1>
<M2 type_id="opencv-matrix">
  <rows>3</rows>
  <cols>3</cols>
  <dt>d</dt>
  <data>
    6.5390241595778457e+02 0. 3.1610344470865573e+02 0.
    6.5373580412149840e+02 2.5320079574339238e+02 0. 0. 1.</data></M2>
<D2 type_id="opencv-matrix">
  <rows>1</rows>
  <cols>5</cols>
  <dt>d</dt>
  <data>
    -4.4088798073988911e-01 3.0902362296552566e-01
    1.0179954286854346e-04 -1.7997744491696484e-03
    -2.2248242495674092e-01</data></D2>
<R1 type_id="opencv-matrix">
  <rows>3</rows>
  <cols>3</cols>
  <dt>d</dt>
  <data>
    9.9973562730370202e-01 2.1846110404466317e-02
    -7.1709803980450140e-03 -2.2037889933960633e-02
    9.9936905775549423e-01 -2.7853506209349874e-02
    6.5579651517764202e-03 2.8004175779542669e-02 9.9958629403967758e-01</data></R1>
<R2 type_id="opencv-matrix">
  <rows>3</rows>
  <cols>3</cols>
  <dt>d</dt>
  <data>
    9.9986490562676655e-01 1.6357860109215010e-02
    -1.6096299650265374e-03 -1.6306518269675368e-02
    9.9947645700951682e-01 2.7944755243589383e-02 2.0659036516019642e-03
    -2.7914732603962468e-02 9.9960817310871952e-01</data></R2>
<P1 type_id="opencv-matrix">
  <rows>3</rows>
  <cols>4</cols>
  <dt>d</dt>
  <data>
    5.4582971044627448e+02 0. 3.6135159683227539e+02 0. 0.
    5.4582971044627448e+02 2.2184919929504395e+02 0. 0. 0. 1. 0.</data></P1>
<P2 type_id="opencv-matrix">
  <rows>3</rows>
  <cols>4</cols>
  <dt>d</dt>
  <data>
    5.4582971044627448e+02 0. 3.6135159683227539e+02
    -3.2947823412113223e+01 0. 5.4582971044627448e+02
    2.2184919929504395e+02 0. 0. 0. 1. 0.</data></P2>
<Q type_id="opencv-matrix">
  <rows>4</rows>
  <cols>4</cols>
  <dt>d</dt>
  <data>
    1. 0. 0. -3.6135159683227539e+02 0. 1. 0. -2.2184919929504395e+02 0.
    0. 0. 5.4582971044627448e+02 0. 0. 1.6566487674132699e+01 0.</data></Q>
<T type_id="opencv-matrix">
  <rows>3</rows>
  <cols>1</cols>
  <dt>d</dt>
  <data>
    -6.0354670542988979e-02 -9.8740665076248440e-04
    9.7161812249407708e-05</data></T>
<R type_id="opencv-matrix">
  <rows>3</rows>
  <cols>3</cols>
  <dt>d</dt>
  <data>
    9.9997347802471981e-01 5.6047832484385357e-03
    -4.6507689561175970e-03 -5.8558804571664028e-03
    9.9842147162964701e-01 -5.5859409708314760e-02
    4.3303477015755884e-03 5.5885162553472235e-02 9.9842781246074852e-01</data></R>
<size type_id="opencv-matrix">
  <rows>2</rows>
  <cols>1</cols>
  <dt>i</dt>
  <data>
    640 480</data></size>
</opencv_storage>
