image_width: 640
image_height: 480

camera_name: down_left

camera_matrix:
  rows: 3
  cols: 3
  data: [6.5623528505459979e+02, 0. , 3.5541443779655890e+02, 0., 6.5610132919533669e+02, 2.1652489359370381e+02, 0., 0., 1.]

distortion_model: plumb_bob

distortion_coefficients:
  rows: 1
  cols: 5
  data: [-4.4369042920472201e-01, 3.3763744009813068e-01, -1.3827140834270796e-04,   -1.8387280509660920e-03, -3.1759274223046124e-01]

rectification_matrix:
  rows: 3
  cols: 3
  data: [9.9973562730370202e-01 , 2.1846110404466317e-02 ,  -7.1709803980450140e-03 , -2.2037889933960633e-02 ,  9.9936905775549423e-01  , -2.7853506209349874e-02 , 6.5579651517764202e-03 , 2.8004175779542669e-02  9.9958629403967758e-01]

projection_matrix:
  rows: 3
  cols: 4
  data: [ 5.4582971044627448e+02 , 0. ,  3.6135159683227539e+02 ,  0. ,  0. ,  5.4582971044627448e+02 ,  2.2184919929504395e+02 ,  0. ,  0. ,  0. ,  1. ,  0. ]
